  3.2043229e+000  1.0000000e+017
  3.1799676e+000  2.0000000e+017
  3.1730438e+000  3.0000000e+017
  3.1691218e+000  4.0000000e+017
  3.1660306e+000  5.0000000e+017
  3.1635621e+000  6.0000000e+017
  3.1613702e+000  7.0000000e+017
  3.1595123e+000  8.0000000e+017
  3.1578305e+000  9.0000000e+017
  3.1563531e+000  1.0000000e+018
  3.1550996e+000  1.1000000e+018
  3.1539433e+000  1.2000000e+018
  3.1528424e+000  1.3000000e+018
  3.1518722e+000  1.4000000e+018
  3.1509411e+000  1.5000000e+018
  3.1500308e+000  1.6000000e+018
  3.1491954e+000  1.7000000e+018
  3.1483951e+000  1.8000000e+018
  3.1476050e+000  1.9000000e+018
  3.1468238e+000  2.0000000e+018
  3.1460611e+000  2.1000000e+018
  3.1452912e+000  2.2000000e+018
  3.1445219e+000  2.3000000e+018
  3.1437535e+000  2.4000000e+018
  3.1429829e+000  2.5000000e+018
  3.1422005e+000  2.6000000e+018
  3.1414016e+000  2.7000000e+018
  3.1405955e+000  2.8000000e+018
  3.1397934e+000  2.9000000e+018
  3.1389698e+000  3.0000000e+018
  3.1381229e+000  3.1000000e+018
  3.1372851e+000  3.2000000e+018
  3.1364367e+000  3.3000000e+018
  3.1355680e+000  3.4000000e+018
  3.1346897e+000  3.5000000e+018
  3.1338234e+000  3.6000000e+018
  3.1329442e+000  3.7000000e+018
  3.1320592e+000  3.8000000e+018
  3.1311731e+000  3.9000000e+018
  3.1303014e+000  4.0000000e+018
  3.1294253e+000  4.1000000e+018
  3.1285456e+000  4.2000000e+018
  3.1276811e+000  4.3000000e+018
  3.1268320e+000  4.4000000e+018
  3.1259871e+000  4.5000000e+018
  3.1251431e+000  4.6000000e+018
  3.1243189e+000  4.7000000e+018
  3.1235157e+000  4.8000000e+018
  3.1227199e+000  4.9000000e+018
  3.1219383e+000  5.0000000e+018
  3.1211682e+000  5.1000000e+018
  3.1204237e+000  5.2000000e+018
  3.1196977e+000  5.3000000e+018
  3.1189857e+000  5.4000000e+018
  3.1182836e+000  5.5000000e+018
  3.1176030e+000  5.6000000e+018
  3.1169539e+000  5.7000000e+018
  3.1163145e+000  5.8000000e+018
  3.1156891e+000  5.9000000e+018
  3.1150784e+000  6.0000000e+018
  3.1145019e+000  6.1000000e+018
  3.1139380e+000  6.2000000e+018
  3.1133916e+000  6.3000000e+018
  3.1128569e+000  6.4000000e+018
  3.1123419e+000  6.5000000e+018
  3.1118505e+000  6.6000000e+018
  3.1113808e+000  6.7000000e+018
  3.1109176e+000  6.8000000e+018
  3.1104654e+000  6.9000000e+018
  3.1100334e+000  7.0000000e+018
  3.1096290e+000  7.1000000e+018
  3.1092320e+000  7.2000000e+018
  3.1088364e+000  7.3000000e+018
  3.1084555e+000  7.4000000e+018
  3.1080991e+000  7.5000000e+018
  3.1077548e+000  7.6000000e+018
  3.1074137e+000  7.7000000e+018
  3.1070748e+000  7.8000000e+018
  3.1067515e+000  7.9000000e+018
  3.1064452e+000  8.0000000e+018
  3.1061433e+000  8.1000000e+018
  3.1058431e+000  8.2000000e+018
  3.1055473e+000  8.3000000e+018
  3.1052623e+000  8.4000000e+018
  3.1049872e+000  8.5000000e+018
  3.1047129e+000  8.6000000e+018
  3.1044399e+000  8.7000000e+018
  3.1041724e+000  8.8000000e+018
  3.1039092e+000  8.9000000e+018
  3.1036521e+000  9.0000000e+018
  3.1033935e+000  9.1000000e+018
  3.1031360e+000  9.2000000e+018
  3.1028834e+000  9.3000000e+018
  3.1026314e+000  9.4000000e+018
  3.1023811e+000  9.5000000e+018
  3.1021300e+000  9.6000000e+018
  3.1018786e+000  9.7000000e+018
  3.1016301e+000  9.8000000e+018
  3.1013802e+000  9.9000000e+018
  3.1011315e+000  1.0000000e+019
  3.1008831e+000  1.0100000e+019
  3.1006310e+000  1.0200000e+019
  3.1003801e+000  1.0300000e+019
  3.1001278e+000  1.0400000e+019
  3.0998741e+000  1.0500000e+019
  3.0996253e+000  1.0600000e+019
  3.0993711e+000  1.0700000e+019
  3.0991146e+000  1.0800000e+019
  3.0988575e+000  1.0900000e+019
  3.0985975e+000  1.1000000e+019
  3.0983429e+000  1.1100000e+019
  3.0980880e+000  1.1200000e+019
  3.0978262e+000  1.1300000e+019
  3.0975645e+000  1.1400000e+019
  3.0973004e+000  1.1500000e+019
  3.0970395e+000  1.1600000e+019
  3.0967798e+000  1.1700000e+019
  3.0965168e+000  1.1800000e+019
  3.0962510e+000  1.1900000e+019
  3.0959855e+000  1.2000000e+019
  3.0957185e+000  1.2100000e+019
  3.0954551e+000  1.2200000e+019
  3.0951917e+000  1.2300000e+019
  3.0949249e+000  1.2400000e+019
  3.0946566e+000  1.2500000e+019
  3.0943883e+000  1.2600000e+019
  3.0941197e+000  1.2700000e+019
  3.0938538e+000  1.2800000e+019
  3.0935899e+000  1.2900000e+019
  3.0933199e+000  1.3000000e+019
  3.0930495e+000  1.3100000e+019
  3.0927783e+000  1.3200000e+019
  3.0925056e+000  1.3300000e+019
  3.0922396e+000  1.3400000e+019
  3.0919724e+000  1.3500000e+019
  3.0916994e+000  1.3600000e+019
  3.0914241e+000  1.3700000e+019
  3.0911457e+000  1.3800000e+019
  3.0908694e+000  1.3900000e+019
  3.0905985e+000  1.4000000e+019
  3.0903257e+000  1.4100000e+019
  3.0900448e+000  1.4200000e+019
  3.0897585e+000  1.4300000e+019
  3.0894712e+000  1.4400000e+019
  3.0891875e+000  1.4500000e+019
  3.0889056e+000  1.4600000e+019
  3.0886207e+000  1.4700000e+019
  3.0883248e+000  1.4800000e+019
  3.0880264e+000  1.4900000e+019
  3.0877264e+000  1.5000000e+019
  3.0874288e+000  1.5100000e+019
  3.0871298e+000  1.5200000e+019
  3.0868267e+000  1.5300000e+019
  3.0865160e+000  1.5400000e+019
  3.0862036e+000  1.5500000e+019
  3.0858874e+000  1.5600000e+019
  3.0855704e+000  1.5700000e+019
  3.0852534e+000  1.5800000e+019
  3.0849331e+000  1.5900000e+019
  3.0846076e+000  1.6000000e+019
  3.0842807e+000  1.6100000e+019
  3.0839474e+000  1.6200000e+019
  3.0836144e+000  1.6300000e+019
  3.0832821e+000  1.6400000e+019
  3.0829461e+000  1.6500000e+019
  3.0826096e+000  1.6600000e+019
  3.0822694e+000  1.6700000e+019
  3.0819263e+000  1.6800000e+019
  3.0815819e+000  1.6900000e+019
  3.0812366e+000  1.7000000e+019
  3.0808929e+000  1.7100000e+019
  3.0805494e+000  1.7200000e+019
  3.0802020e+000  1.7300000e+019
  3.0798531e+000  1.7400000e+019
  3.0795037e+000  1.7500000e+019
  3.0791547e+000  1.7600000e+019
  3.0788086e+000  1.7700000e+019
  3.0784595e+000  1.7800000e+019
  3.0781118e+000  1.7900000e+019
  3.0777633e+000  1.8000000e+019
  3.0774182e+000  1.8100000e+019
  3.0770725e+000  1.8200000e+019
  3.0767251e+000  1.8300000e+019
  3.0763824e+000  1.8400000e+019
  3.0760400e+000  1.8500000e+019
  3.0757011e+000  1.8600000e+019
  3.0753638e+000  1.8700000e+019
  3.0750283e+000  1.8800000e+019
  3.0746943e+000  1.8900000e+019
  3.0743618e+000  1.9000000e+019
  3.0740328e+000  1.9100000e+019
  3.0737086e+000  1.9200000e+019
  3.0733872e+000  1.9300000e+019
  3.0730685e+000  1.9400000e+019
  3.0727509e+000  1.9500000e+019
  3.0724349e+000  1.9600000e+019
  3.0721253e+000  1.9700000e+019
  3.0718190e+000  1.9800000e+019
  3.0715128e+000  1.9900000e+019
  3.0712084e+000  2.0000000e+019
  3.0709051e+000  2.0100000e+019
  3.0706070e+000  2.0200000e+019
  3.0703133e+000  2.0300000e+019
  3.0700193e+000  2.0400000e+019
  3.0697223e+000  2.0500000e+019
  3.0694254e+000  2.0600000e+019
  3.0691291e+000  2.0700000e+019
  3.0688379e+000  2.0800000e+019
  3.0685477e+000  2.0900000e+019
  3.0682577e+000  2.1000000e+019
  3.0679620e+000  2.1100000e+019
  3.0676629e+000  2.1200000e+019
  3.0673610e+000  2.1300000e+019
  3.0670594e+000  2.1400000e+019
  3.0667576e+000  2.1500000e+019
  3.0664583e+000  2.1600000e+019
  3.0661562e+000  2.1700000e+019
  3.0658432e+000  2.1800000e+019
  3.0655210e+000  2.1900000e+019
  3.0651956e+000  2.2000000e+019
  3.0648689e+000  2.2100000e+019
  3.0645441e+000  2.2200000e+019
  3.0642194e+000  2.2300000e+019
  3.0638826e+000  2.2400000e+019
  3.0635324e+000  2.2500000e+019
  3.0631743e+000  2.2600000e+019
  3.0628120e+000  2.2700000e+019
  3.0624502e+000  2.2800000e+019
  3.0620891e+000  2.2900000e+019
  3.0617159e+000  2.3000000e+019
  3.0613330e+000  2.3100000e+019
  3.0609377e+000  2.3200000e+019
  3.0605356e+000  2.3300000e+019
  3.0601313e+000  2.3400000e+019
  3.0597217e+000  2.3500000e+019
  3.0593101e+000  2.3600000e+019
  3.0588913e+000  2.3700000e+019
  3.0584564e+000  2.3800000e+019
  3.0580166e+000  2.3900000e+019
  3.0575682e+000  2.4000000e+019
  3.0571179e+000  2.4100000e+019
  3.0566664e+000  2.4200000e+019
  3.0562114e+000  2.4300000e+019
  3.0557390e+000  2.4400000e+019
  3.0552650e+000  2.4500000e+019
  3.0547860e+000  2.4600000e+019
  3.0543036e+000  2.4700000e+019
  3.0538186e+000  2.4800000e+019
  3.0533284e+000  2.4900000e+019
  3.0528297e+000  2.5000000e+019
  3.0523338e+000  2.5100000e+019
  3.0518336e+000  2.5200000e+019
  3.0513303e+000  2.5300000e+019
  3.0508232e+000  2.5400000e+019
  3.0503089e+000  2.5500000e+019
  3.0497987e+000  2.5600000e+019
  3.0492897e+000  2.5700000e+019
  3.0487779e+000  2.5800000e+019
  3.0482623e+000  2.5900000e+019
  3.0477462e+000  2.6000000e+019
  3.0472276e+000  2.6100000e+019
  3.0467121e+000  2.6200000e+019
  3.0461983e+000  2.6300000e+019
  3.0456819e+000  2.6400000e+019
  3.0451655e+000  2.6500000e+019
  3.0446530e+000  2.6600000e+019
  3.0441365e+000  2.6700000e+019
  3.0436189e+000  2.6800000e+019
  3.0431047e+000  2.6900000e+019
  3.0425889e+000  2.7000000e+019
  3.0420787e+000  2.7100000e+019
  3.0415697e+000  2.7200000e+019
  3.0410576e+000  2.7300000e+019
  3.0405380e+000  2.7400000e+019
  3.0400217e+000  2.7500000e+019
  3.0395110e+000  2.7600000e+019
  3.0390040e+000  2.7700000e+019
  3.0384970e+000  2.7800000e+019
  3.0379862e+000  2.7900000e+019
  3.0374707e+000  2.8000000e+019
  3.0369506e+000  2.8100000e+019
  3.0364381e+000  2.8200000e+019
  3.0359284e+000  2.8300000e+019
  3.0354164e+000  2.8400000e+019
  3.0349025e+000  2.8500000e+019
  3.0343876e+000  2.8600000e+019
  3.0338665e+000  2.8700000e+019
  3.0333476e+000  2.8800000e+019
  3.0328311e+000  2.8900000e+019
  3.0323080e+000  2.9000000e+019
  3.0317852e+000  2.9100000e+019
  3.0312635e+000  2.9200000e+019
  3.0307430e+000  2.9300000e+019
  3.0302168e+000  2.9400000e+019
  3.0296889e+000  2.9500000e+019
  3.0291538e+000  2.9600000e+019
  3.0286191e+000  2.9700000e+019
  3.0280873e+000  2.9800000e+019
  3.0275619e+000  2.9900000e+019
  3.0270322e+000  3.0000000e+019
  3.0264922e+000  3.0100000e+019
  3.0259504e+000  3.0200000e+019
  3.0254048e+000  3.0300000e+019
  3.0248605e+000  3.0400000e+019
  3.0243234e+000  3.0500000e+019
  3.0237862e+000  3.0600000e+019
  3.0232413e+000  3.0700000e+019
  3.0226922e+000  3.0800000e+019
  3.0221414e+000  3.0900000e+019
  3.0215869e+000  3.1000000e+019
  3.0210320e+000  3.1100000e+019
  3.0204845e+000  3.1200000e+019
  3.0199341e+000  3.1300000e+019
  3.0193794e+000  3.1400000e+019
  3.0188211e+000  3.1500000e+019
  3.0182627e+000  3.1600000e+019
  3.0176974e+000  3.1700000e+019
  3.0171331e+000  3.1800000e+019
  3.0165699e+000  3.1900000e+019
  3.0160079e+000  3.2000000e+019
  3.0154431e+000  3.2100000e+019
  3.0148754e+000  3.2200000e+019
  3.0143048e+000  3.2300000e+019
  3.0137289e+000  3.2400000e+019
  3.0131498e+000  3.2500000e+019
  3.0125716e+000  3.2600000e+019
  3.0119962e+000  3.2700000e+019
  3.0114176e+000  3.2800000e+019
  3.0108334e+000  3.2900000e+019
  3.0102451e+000  3.3000000e+019
  3.0096518e+000  3.3100000e+019
  3.0090605e+000  3.3200000e+019
  3.0084619e+000  3.3300000e+019
  3.0078644e+000  3.3400000e+019
  3.0072635e+000  3.3500000e+019
  3.0066567e+000  3.3600000e+019
  3.0060468e+000  3.3700000e+019
  3.0054310e+000  3.3800000e+019
  3.0048171e+000  3.3900000e+019
  3.0041979e+000  3.4000000e+019
  3.0035729e+000  3.4100000e+019
  3.0029430e+000  3.4200000e+019
  3.0023045e+000  3.4300000e+019
  3.0016635e+000  3.4400000e+019
  3.0010221e+000  3.4500000e+019
  3.0003800e+000  3.4600000e+019
  2.9997331e+000  3.4700000e+019
  2.9990700e+000  3.4800000e+019
  2.9983974e+000  3.4900000e+019
  2.9977254e+000  3.5000000e+019
  2.9970471e+000  3.5100000e+019
  2.9963685e+000  3.5200000e+019
  2.9956842e+000  3.5300000e+019
  2.9949913e+000  3.5400000e+019
  2.9942839e+000  3.5500000e+019
  2.9935682e+000  3.5600000e+019
  2.9928421e+000  3.5700000e+019
  2.9921145e+000  3.5800000e+019
  2.9913848e+000  3.5900000e+019
  2.9906497e+000  3.6000000e+019
  2.9899008e+000  3.6100000e+019
  2.9891358e+000  3.6200000e+019
  2.9883649e+000  3.6300000e+019
  2.9875897e+000  3.6400000e+019
  2.9868086e+000  3.6500000e+019
  2.9860246e+000  3.6600000e+019
  2.9852231e+000  3.6700000e+019
  2.9844077e+000  3.6800000e+019
  2.9835882e+000  3.6900000e+019
  2.9827624e+000  3.7000000e+019
  2.9819280e+000  3.7100000e+019
  2.9810846e+000  3.7200000e+019
  2.9802169e+000  3.7300000e+019
  2.9793372e+000  3.7400000e+019
  2.9784564e+000  3.7500000e+019
  2.9775634e+000  3.7600000e+019
  2.9766623e+000  3.7700000e+019
  2.9757445e+000  3.7800000e+019
  2.9748034e+000  3.7900000e+019
  2.9738553e+000  3.8000000e+019
  2.9728954e+000  3.8100000e+019
  2.9719206e+000  3.8200000e+019
  2.9709378e+000  3.8300000e+019
  2.9699423e+000  3.8400000e+019
  2.9689193e+000  3.8500000e+019
  2.9678692e+000  3.8600000e+019
  2.9668097e+000  3.8700000e+019
  2.9657486e+000  3.8800000e+019
  2.9646659e+000  3.8900000e+019
  2.9635548e+000  3.9000000e+019
  2.9624127e+000  3.9100000e+019
  2.9612506e+000  3.9200000e+019
  2.9600759e+000  3.9300000e+019
  2.9588747e+000  3.9400000e+019
  2.9576342e+000  3.9500000e+019
  2.9563775e+000  3.9600000e+019
  2.9551093e+000  3.9700000e+019
  2.9537998e+000  3.9800000e+019
  2.9524247e+000  3.9900000e+019
  2.9510375e+000  4.0000000e+019
  2.9496483e+000  4.0100000e+019
  2.9481861e+000  4.0200000e+019
  2.9466542e+000  4.0300000e+019
  2.9451054e+000  4.0400000e+019
  2.9434788e+000  4.0500000e+019
  2.9417648e+000  4.0600000e+019
  2.9400435e+000  4.0700000e+019
  2.9381588e+000  4.0800000e+019
  2.9361846e+000  4.0900000e+019
  2.9340706e+000  4.1000000e+019
  2.9319298e+000  4.1100000e+019
  2.9298459e+000  4.1200000e+019
  2.9278021e+000  4.1300000e+019
  2.9258462e+000  4.1400000e+019
  2.9238342e+000  4.1500000e+019
  2.9218188e+000  4.1600000e+019
  2.9198826e+000  4.1700000e+019
  2.9179187e+000  4.1800000e+019
  2.9158963e+000  4.1900000e+019
  2.9138180e+000  4.2000000e+019
  2.9117516e+000  4.2100000e+019
  2.9096734e+000  4.2200000e+019
  2.9075067e+000  4.2300000e+019
  2.9053005e+000  4.2400000e+019
  2.9030619e+000  4.2500000e+019
  2.9007376e+000  4.2600000e+019
  2.8983764e+000  4.2700000e+019
  2.8959285e+000  4.2800000e+019
  2.8934382e+000  4.2900000e+019
  2.8908910e+000  4.3000000e+019
