  3.2220141e+000  1.0000000e+017
  3.1945022e+000  2.0000000e+017
  3.1873399e+000  3.0000000e+017
  3.1828150e+000  4.0000000e+017
  3.1788848e+000  5.0000000e+017
  3.1757557e+000  6.0000000e+017
  3.1729932e+000  7.0000000e+017
  3.1708250e+000  8.0000000e+017
  3.1688538e+000  9.0000000e+017
  3.1672296e+000  1.0000000e+018
  3.1658220e+000  1.1000000e+018
  3.1645307e+000  1.2000000e+018
  3.1634583e+000  1.3000000e+018
  3.1624956e+000  1.4000000e+018
  3.1616158e+000  1.5000000e+018
  3.1608693e+000  1.6000000e+018
  3.1602033e+000  1.7000000e+018
  3.1595903e+000  1.8000000e+018
  3.1590306e+000  1.9000000e+018
  3.1585379e+000  2.0000000e+018
  3.1580838e+000  2.1000000e+018
  3.1576522e+000  2.2000000e+018
  3.1572459e+000  2.3000000e+018
  3.1568696e+000  2.4000000e+018
  3.1565120e+000  2.5000000e+018
  3.1561626e+000  2.6000000e+018
  3.1558150e+000  2.7000000e+018
  3.1554721e+000  2.8000000e+018
  3.1551313e+000  2.9000000e+018
  3.1547878e+000  3.0000000e+018
  3.1544360e+000  3.1000000e+018
  3.1540727e+000  3.2000000e+018
  3.1536933e+000  3.3000000e+018
  3.1533031e+000  3.4000000e+018
  3.1529039e+000  3.5000000e+018
  3.1524851e+000  3.6000000e+018
  3.1520371e+000  3.7000000e+018
  3.1515694e+000  3.8000000e+018
  3.1510936e+000  3.9000000e+018
  3.1505965e+000  4.0000000e+018
  3.1500690e+000  4.1000000e+018
  3.1495154e+000  4.2000000e+018
  3.1489529e+000  4.3000000e+018
  3.1483719e+000  4.4000000e+018
  3.1477614e+000  4.5000000e+018
  3.1471298e+000  4.6000000e+018
  3.1464918e+000  4.7000000e+018
  3.1458370e+000  4.8000000e+018
  3.1451580e+000  4.9000000e+018
  3.1444703e+000  5.0000000e+018
  3.1437826e+000  5.1000000e+018
  3.1430851e+000  5.2000000e+018
  3.1423749e+000  5.3000000e+018
  3.1416652e+000  5.4000000e+018
  3.1409641e+000  5.5000000e+018
  3.1402705e+000  5.6000000e+018
  3.1395789e+000  5.7000000e+018
  3.1388912e+000  5.8000000e+018
  3.1382145e+000  5.9000000e+018
  3.1375690e+000  6.0000000e+018
  3.1369274e+000  6.1000000e+018
  3.1362946e+000  6.2000000e+018
  3.1356795e+000  6.3000000e+018
  3.1350967e+000  6.4000000e+018
  3.1345197e+000  6.5000000e+018
  3.1339550e+000  6.6000000e+018
  3.1334067e+000  6.7000000e+018
  3.1328930e+000  6.8000000e+018
  3.1323868e+000  6.9000000e+018
  3.1318841e+000  7.0000000e+018
  3.1313924e+000  7.1000000e+018
  3.1309396e+000  7.2000000e+018
  3.1304983e+000  7.3000000e+018
  3.1300584e+000  7.4000000e+018
  3.1296221e+000  7.5000000e+018
  3.1292026e+000  7.6000000e+018
  3.1288112e+000  7.7000000e+018
  3.1284254e+000  7.8000000e+018
  3.1280402e+000  7.9000000e+018
  3.1276580e+000  8.0000000e+018
  3.1272930e+000  8.1000000e+018
  3.1269454e+000  8.2000000e+018
  3.1266005e+000  8.3000000e+018
  3.1262572e+000  8.4000000e+018
  3.1259217e+000  8.5000000e+018
  3.1255939e+000  8.6000000e+018
  3.1252766e+000  8.7000000e+018
  3.1249610e+000  8.8000000e+018
  3.1246497e+000  8.9000000e+018
  3.1243456e+000  9.0000000e+018
  3.1240464e+000  9.1000000e+018
  3.1237527e+000  9.2000000e+018
  3.1234573e+000  9.3000000e+018
  3.1231669e+000  9.4000000e+018
  3.1228827e+000  9.5000000e+018
  3.1226057e+000  9.6000000e+018
  3.1223295e+000  9.7000000e+018
  3.1220509e+000  9.8000000e+018
  3.1217726e+000  9.9000000e+018
  3.1215015e+000  1.0000000e+019
  3.1212379e+000  1.0100000e+019
  3.1209768e+000  1.0200000e+019
  3.1207121e+000  1.0300000e+019
  3.1204428e+000  1.0400000e+019
  3.1201810e+000  1.0500000e+019
  3.1199239e+000  1.0600000e+019
  3.1196724e+000  1.0700000e+019
  3.1194185e+000  1.0800000e+019
  3.1191597e+000  1.0900000e+019
  3.1189042e+000  1.1000000e+019
  3.1186503e+000  1.1100000e+019
  3.1184018e+000  1.1200000e+019
  3.1181560e+000  1.1300000e+019
  3.1179070e+000  1.1400000e+019
  3.1176577e+000  1.1500000e+019
  3.1174104e+000  1.1600000e+019
  3.1171612e+000  1.1700000e+019
  3.1169170e+000  1.1800000e+019
  3.1166755e+000  1.1900000e+019
  3.1164323e+000  1.2000000e+019
  3.1161917e+000  1.2100000e+019
  3.1159457e+000  1.2200000e+019
  3.1156996e+000  1.2300000e+019
  3.1154592e+000  1.2400000e+019
  3.1152211e+000  1.2500000e+019
  3.1149820e+000  1.2600000e+019
  3.1147412e+000  1.2700000e+019
  3.1144961e+000  1.2800000e+019
  3.1142530e+000  1.2900000e+019
  3.1140126e+000  1.3000000e+019
  3.1137727e+000  1.3100000e+019
  3.1135321e+000  1.3200000e+019
  3.1132887e+000  1.3300000e+019
  3.1130401e+000  1.3400000e+019
  3.1127968e+000  1.3500000e+019
  3.1125504e+000  1.3600000e+019
  3.1123042e+000  1.3700000e+019
  3.1120568e+000  1.3800000e+019
  3.1118051e+000  1.3900000e+019
  3.1115513e+000  1.4000000e+019
  3.1113004e+000  1.4100000e+019
  3.1110445e+000  1.4200000e+019
  3.1107882e+000  1.4300000e+019
  3.1105297e+000  1.4400000e+019
  3.1102659e+000  1.4500000e+019
  3.1100033e+000  1.4600000e+019
  3.1097406e+000  1.4700000e+019
  3.1094739e+000  1.4800000e+019
  3.1092053e+000  1.4900000e+019
  3.1089318e+000  1.5000000e+019
  3.1086573e+000  1.5100000e+019
  3.1083840e+000  1.5200000e+019
  3.1081078e+000  1.5300000e+019
  3.1078291e+000  1.5400000e+019
  3.1075475e+000  1.5500000e+019
  3.1072625e+000  1.5600000e+019
  3.1069778e+000  1.5700000e+019
  3.1066938e+000  1.5800000e+019
  3.1064055e+000  1.5900000e+019
  3.1061146e+000  1.6000000e+019
  3.1058242e+000  1.6100000e+019
  3.1055316e+000  1.6200000e+019
  3.1052385e+000  1.6300000e+019
  3.1049456e+000  1.6400000e+019
  3.1046479e+000  1.6500000e+019
  3.1043503e+000  1.6600000e+019
  3.1040554e+000  1.6700000e+019
  3.1037593e+000  1.6800000e+019
  3.1034616e+000  1.6900000e+019
  3.1031632e+000  1.7000000e+019
  3.1028629e+000  1.7100000e+019
  3.1025642e+000  1.7200000e+019
  3.1022697e+000  1.7300000e+019
  3.1019741e+000  1.7400000e+019
  3.1016770e+000  1.7500000e+019
  3.1013800e+000  1.7600000e+019
  3.1010844e+000  1.7700000e+019
  3.1007895e+000  1.7800000e+019
  3.1004988e+000  1.7900000e+019
  3.1002077e+000  1.8000000e+019
  3.0999172e+000  1.8100000e+019
  3.0996285e+000  1.8200000e+019
  3.0993410e+000  1.8300000e+019
  3.0990540e+000  1.8400000e+019
  3.0987698e+000  1.8500000e+019
  3.0984861e+000  1.8600000e+019
  3.0982074e+000  1.8700000e+019
  3.0979298e+000  1.8800000e+019
  3.0976517e+000  1.8900000e+019
  3.0973729e+000  1.9000000e+019
  3.0970961e+000  1.9100000e+019
  3.0968208e+000  1.9200000e+019
  3.0965530e+000  1.9300000e+019
  3.0962858e+000  1.9400000e+019
  3.0960157e+000  1.9500000e+019
  3.0957419e+000  1.9600000e+019
  3.0954705e+000  1.9700000e+019
  3.0952009e+000  1.9800000e+019
  3.0949374e+000  1.9900000e+019
  3.0946752e+000  2.0000000e+019
  3.0944084e+000  2.0100000e+019
  3.0941354e+000  2.0200000e+019
  3.0938633e+000  2.0300000e+019
  3.0935919e+000  2.0400000e+019
  3.0933246e+000  2.0500000e+019
  3.0930580e+000  2.0600000e+019
  3.0927865e+000  2.0700000e+019
  3.0925078e+000  2.0800000e+019
  3.0922278e+000  2.0900000e+019
  3.0919462e+000  2.1000000e+019
  3.0916645e+000  2.1100000e+019
  3.0913827e+000  2.1200000e+019
  3.0910954e+000  2.1300000e+019
  3.0908022e+000  2.1400000e+019
  3.0905063e+000  2.1500000e+019
  3.0902056e+000  2.1600000e+019
  3.0898985e+000  2.1700000e+019
  3.0895919e+000  2.1800000e+019
  3.0892781e+000  2.1900000e+019
  3.0889599e+000  2.2000000e+019
  3.0886374e+000  2.2100000e+019
  3.0883097e+000  2.2200000e+019
  3.0879694e+000  2.2300000e+019
  3.0876264e+000  2.2400000e+019
  3.0872789e+000  2.2500000e+019
  3.0869253e+000  2.2600000e+019
  3.0865660e+000  2.2700000e+019
  3.0862005e+000  2.2800000e+019
  3.0858190e+000  2.2900000e+019
  3.0854329e+000  2.3000000e+019
  3.0850454e+000  2.3100000e+019
  3.0846488e+000  2.3200000e+019
  3.0842435e+000  2.3300000e+019
  3.0838307e+000  2.3400000e+019
  3.0834018e+000  2.3500000e+019
  3.0829671e+000  2.3600000e+019
  3.0825328e+000  2.3700000e+019
  3.0820899e+000  2.3800000e+019
  3.0816373e+000  2.3900000e+019
  3.0811723e+000  2.4000000e+019
  3.0806927e+000  2.4100000e+019
  3.0802102e+000  2.4200000e+019
  3.0797273e+000  2.4300000e+019
  3.0792376e+000  2.4400000e+019
  3.0787430e+000  2.4500000e+019
  3.0782291e+000  2.4600000e+019
  3.0777062e+000  2.4700000e+019
  3.0771823e+000  2.4800000e+019
  3.0766576e+000  2.4900000e+019
  3.0761295e+000  2.5000000e+019
  3.0755975e+000  2.5100000e+019
  3.0750555e+000  2.5200000e+019
  3.0745046e+000  2.5300000e+019
  3.0739523e+000  2.5400000e+019
  3.0734020e+000  2.5500000e+019
  3.0728494e+000  2.5600000e+019
  3.0722962e+000  2.5700000e+019
  3.0717455e+000  2.5800000e+019
  3.0711867e+000  2.5900000e+019
  3.0706265e+000  2.6000000e+019
  3.0700675e+000  2.6100000e+019
  3.0695088e+000  2.6200000e+019
  3.0689535e+000  2.6300000e+019
  3.0684076e+000  2.6400000e+019
  3.0678589e+000  2.6500000e+019
  3.0673094e+000  2.6600000e+019
  3.0667587e+000  2.6700000e+019
  3.0662099e+000  2.6800000e+019
  3.0656659e+000  2.6900000e+019
  3.0651358e+000  2.7000000e+019
  3.0646060e+000  2.7100000e+019
  3.0640785e+000  2.7200000e+019
  3.0635487e+000  2.7300000e+019
  3.0630190e+000  2.7400000e+019
  3.0624940e+000  2.7500000e+019
  3.0619839e+000  2.7600000e+019
  3.0614764e+000  2.7700000e+019
  3.0609727e+000  2.7800000e+019
  3.0604683e+000  2.7900000e+019
  3.0599621e+000  2.8000000e+019
  3.0594599e+000  2.8100000e+019
  3.0589665e+000  2.8200000e+019
  3.0584796e+000  2.8300000e+019
  3.0579950e+000  2.8400000e+019
  3.0575125e+000  2.8500000e+019
  3.0570293e+000  2.8600000e+019
  3.0565447e+000  2.8700000e+019
  3.0560666e+000  2.8800000e+019
  3.0555925e+000  2.8900000e+019
  3.0551194e+000  2.9000000e+019
  3.0546504e+000  2.9100000e+019
  3.0541815e+000  2.9200000e+019
  3.0537094e+000  2.9300000e+019
  3.0532378e+000  2.9400000e+019
  3.0527714e+000  2.9500000e+019
  3.0523023e+000  2.9600000e+019
  3.0518343e+000  2.9700000e+019
  3.0513683e+000  2.9800000e+019
  3.0508997e+000  2.9900000e+019
  3.0504287e+000  3.0000000e+019
  3.0499560e+000  3.0100000e+019
  3.0494849e+000  3.0200000e+019
  3.0490100e+000  3.0300000e+019
  3.0485338e+000  3.0400000e+019
  3.0480575e+000  3.0500000e+019
  3.0475783e+000  3.0600000e+019
  3.0470943e+000  3.0700000e+019
  3.0466076e+000  3.0800000e+019
  3.0461195e+000  3.0900000e+019
  3.0456258e+000  3.1000000e+019
  3.0451303e+000  3.1100000e+019
  3.0446348e+000  3.1200000e+019
  3.0441328e+000  3.1300000e+019
  3.0436259e+000  3.1400000e+019
  3.0431149e+000  3.1500000e+019
  3.0425991e+000  3.1600000e+019
  3.0420785e+000  3.1700000e+019
  3.0415583e+000  3.1800000e+019
  3.0410346e+000  3.1900000e+019
  3.0405039e+000  3.2000000e+019
  3.0399682e+000  3.2100000e+019
  3.0394281e+000  3.2200000e+019
  3.0388819e+000  3.2300000e+019
  3.0383345e+000  3.2400000e+019
  3.0377855e+000  3.2500000e+019
  3.0372297e+000  3.2600000e+019
  3.0366696e+000  3.2700000e+019
  3.0361058e+000  3.2800000e+019
  3.0355402e+000  3.2900000e+019
  3.0349672e+000  3.3000000e+019
  3.0343931e+000  3.3100000e+019
  3.0338132e+000  3.3200000e+019
  3.0332309e+000  3.3300000e+019
  3.0326466e+000  3.3400000e+019
  3.0320608e+000  3.3500000e+019
  3.0314702e+000  3.3600000e+019
  3.0308767e+000  3.3700000e+019
  3.0302774e+000  3.3800000e+019
  3.0296751e+000  3.3900000e+019
  3.0290712e+000  3.4000000e+019
  3.0284681e+000  3.4100000e+019
  3.0278595e+000  3.4200000e+019
  3.0272496e+000  3.4300000e+019
  3.0266368e+000  3.4400000e+019
  3.0260187e+000  3.4500000e+019
  3.0253944e+000  3.4600000e+019
  3.0247719e+000  3.4700000e+019
  3.0241442e+000  3.4800000e+019
  3.0235149e+000  3.4900000e+019
  3.0228830e+000  3.5000000e+019
  3.0222487e+000  3.5100000e+019
  3.0216060e+000  3.5200000e+019
  3.0209555e+000  3.5300000e+019
  3.0203020e+000  3.5400000e+019
  3.0196473e+000  3.5500000e+019
  3.0189918e+000  3.5600000e+019
  3.0183308e+000  3.5700000e+019
  3.0176646e+000  3.5800000e+019
  3.0169915e+000  3.5900000e+019
  3.0163042e+000  3.6000000e+019
  3.0156150e+000  3.6100000e+019
  3.0149257e+000  3.6200000e+019
  3.0142251e+000  3.6300000e+019
  3.0135166e+000  3.6400000e+019
  3.0127977e+000  3.6500000e+019
  3.0120719e+000  3.6600000e+019
  3.0113322e+000  3.6700000e+019
  3.0105893e+000  3.6800000e+019
  3.0098375e+000  3.6900000e+019
  3.0090763e+000  3.7000000e+019
  3.0083062e+000  3.7100000e+019
  3.0075390e+000  3.7200000e+019
  3.0067583e+000  3.7300000e+019
  3.0059669e+000  3.7400000e+019
  3.0051624e+000  3.7500000e+019
  3.0043482e+000  3.7600000e+019
  3.0035264e+000  3.7700000e+019
  3.0026995e+000  3.7800000e+019
  3.0018604e+000  3.7900000e+019
  3.0010165e+000  3.8000000e+019
  3.0001511e+000  3.8100000e+019
  2.9992762e+000  3.8200000e+019
  2.9984041e+000  3.8300000e+019
  2.9975206e+000  3.8400000e+019
  2.9966298e+000  3.8500000e+019
  2.9957211e+000  3.8600000e+019
  2.9947809e+000  3.8700000e+019
  2.9938129e+000  3.8800000e+019
  2.9928471e+000  3.8900000e+019
  2.9918634e+000  3.9000000e+019
  2.9908776e+000  3.9100000e+019
  2.9898558e+000  3.9200000e+019
  2.9888236e+000  3.9300000e+019
  2.9877714e+000  3.9400000e+019
  2.9867206e+000  3.9500000e+019
  2.9856387e+000  3.9600000e+019
  2.9845427e+000  3.9700000e+019
  2.9834424e+000  3.9800000e+019
  2.9823216e+000  3.9900000e+019
  2.9811807e+000  4.0000000e+019
  2.9800228e+000  4.0100000e+019
  2.9788506e+000  4.0200000e+019
  2.9776766e+000  4.0300000e+019
  2.9764848e+000  4.0400000e+019
  2.9752799e+000  4.0500000e+019
  2.9740661e+000  4.0600000e+019
  2.9728387e+000  4.0700000e+019
  2.9716150e+000  4.0800000e+019
  2.9703775e+000  4.0900000e+019
  2.9691176e+000  4.1000000e+019
  2.9678508e+000  4.1100000e+019
  2.9665751e+000  4.1200000e+019
  2.9653036e+000  4.1300000e+019
  2.9640171e+000  4.1400000e+019
  2.9627087e+000  4.1500000e+019
  2.9613766e+000  4.1600000e+019
  2.9600389e+000  4.1700000e+019
  2.9586828e+000  4.1800000e+019
  2.9573162e+000  4.1900000e+019
  2.9559487e+000  4.2000000e+019
  2.9545524e+000  4.2100000e+019
  2.9531085e+000  4.2200000e+019
  2.9516461e+000  4.2300000e+019
  2.9501640e+000  4.2400000e+019
  2.9486724e+000  4.2500000e+019
  2.9471760e+000  4.2600000e+019
  2.9455854e+000  4.2700000e+019
  2.9439689e+000  4.2800000e+019
  2.9423308e+000  4.2900000e+019
  2.9406586e+000  4.3000000e+019
