  3.2057257e+000  1.0000000e+017
  3.1859270e+000  2.0000000e+017
  3.1800327e+000  3.0000000e+017
  3.1760362e+000  4.0000000e+017
  3.1729213e+000  5.0000000e+017
  3.1701640e+000  6.0000000e+017
  3.1677554e+000  7.0000000e+017
  3.1657243e+000  8.0000000e+017
  3.1640264e+000  9.0000000e+017
  3.1625378e+000  1.0000000e+018
  3.1612151e+000  1.1000000e+018
  3.1600249e+000  1.2000000e+018
  3.1589256e+000  1.3000000e+018
  3.1579919e+000  1.4000000e+018
  3.1571219e+000  1.5000000e+018
  3.1563127e+000  1.6000000e+018
  3.1555667e+000  1.7000000e+018
  3.1548584e+000  1.8000000e+018
  3.1541817e+000  1.9000000e+018
  3.1535351e+000  2.0000000e+018
  3.1529210e+000  2.1000000e+018
  3.1523156e+000  2.2000000e+018
  3.1517161e+000  2.3000000e+018
  3.1511238e+000  2.4000000e+018
  3.1505221e+000  2.5000000e+018
  3.1499083e+000  2.6000000e+018
  3.1492841e+000  2.7000000e+018
  3.1486565e+000  2.8000000e+018
  3.1480057e+000  2.9000000e+018
  3.1473388e+000  3.0000000e+018
  3.1466537e+000  3.1000000e+018
  3.1459536e+000  3.2000000e+018
  3.1452291e+000  3.3000000e+018
  3.1444887e+000  3.4000000e+018
  3.1437295e+000  3.5000000e+018
  3.1429565e+000  3.6000000e+018
  3.1421699e+000  3.7000000e+018
  3.1413766e+000  3.8000000e+018
  3.1405699e+000  3.9000000e+018
  3.1397608e+000  4.0000000e+018
  3.1389490e+000  4.1000000e+018
  3.1381377e+000  4.2000000e+018
  3.1373321e+000  4.3000000e+018
  3.1365326e+000  4.4000000e+018
  3.1357389e+000  4.5000000e+018
  3.1349569e+000  4.6000000e+018
  3.1341903e+000  4.7000000e+018
  3.1334412e+000  4.8000000e+018
  3.1326991e+000  4.9000000e+018
  3.1319769e+000  5.0000000e+018
  3.1312733e+000  5.1000000e+018
  3.1305946e+000  5.2000000e+018
  3.1299239e+000  5.3000000e+018
  3.1292716e+000  5.4000000e+018
  3.1286417e+000  5.5000000e+018
  3.1280313e+000  5.6000000e+018
  3.1274336e+000  5.7000000e+018
  3.1268458e+000  5.8000000e+018
  3.1262800e+000  5.9000000e+018
  3.1257302e+000  6.0000000e+018
  3.1251915e+000  6.1000000e+018
  3.1246558e+000  6.2000000e+018
  3.1241385e+000  6.3000000e+018
  3.1236341e+000  6.4000000e+018
  3.1231382e+000  6.5000000e+018
  3.1226431e+000  6.6000000e+018
  3.1221544e+000  6.7000000e+018
  3.1216808e+000  6.8000000e+018
  3.1212117e+000  6.9000000e+018
  3.1207489e+000  7.0000000e+018
  3.1202809e+000  7.1000000e+018
  3.1198244e+000  7.2000000e+018
  3.1193763e+000  7.3000000e+018
  3.1189316e+000  7.4000000e+018
  3.1184893e+000  7.5000000e+018
  3.1180457e+000  7.6000000e+018
  3.1176134e+000  7.7000000e+018
  3.1171860e+000  7.8000000e+018
  3.1167628e+000  7.9000000e+018
  3.1163431e+000  8.0000000e+018
  3.1159263e+000  8.1000000e+018
  3.1155181e+000  8.2000000e+018
  3.1151159e+000  8.3000000e+018
  3.1147202e+000  8.4000000e+018
  3.1143256e+000  8.5000000e+018
  3.1139401e+000  8.6000000e+018
  3.1135611e+000  8.7000000e+018
  3.1131898e+000  8.8000000e+018
  3.1128256e+000  8.9000000e+018
  3.1124646e+000  9.0000000e+018
  3.1121102e+000  9.1000000e+018
  3.1117673e+000  9.2000000e+018
  3.1114294e+000  9.3000000e+018
  3.1110998e+000  9.4000000e+018
  3.1107761e+000  9.5000000e+018
  3.1104562e+000  9.6000000e+018
  3.1101491e+000  9.7000000e+018
  3.1098487e+000  9.8000000e+018
  3.1095549e+000  9.9000000e+018
  3.1092697e+000  1.0000000e+019
  3.1089866e+000  1.0100000e+019
  3.1087122e+000  1.0200000e+019
  3.1084503e+000  1.0300000e+019
  3.1081912e+000  1.0400000e+019
  3.1079425e+000  1.0500000e+019
  3.1076950e+000  1.0600000e+019
  3.1074494e+000  1.0700000e+019
  3.1072218e+000  1.0800000e+019
  3.1069950e+000  1.0900000e+019
  3.1067749e+000  1.1000000e+019
  3.1065585e+000  1.1100000e+019
  3.1063395e+000  1.1200000e+019
  3.1061336e+000  1.1300000e+019
  3.1059330e+000  1.1400000e+019
  3.1057321e+000  1.1500000e+019
  3.1055364e+000  1.1600000e+019
  3.1053365e+000  1.1700000e+019
  3.1051422e+000  1.1800000e+019
  3.1049537e+000  1.1900000e+019
  3.1047651e+000  1.2000000e+019
  3.1045756e+000  1.2100000e+019
  3.1043819e+000  1.2200000e+019
  3.1041906e+000  1.2300000e+019
  3.1040026e+000  1.2400000e+019
  3.1038115e+000  1.2500000e+019
  3.1036189e+000  1.2600000e+019
  3.1034196e+000  1.2700000e+019
  3.1032192e+000  1.2800000e+019
  3.1030205e+000  1.2900000e+019
  3.1028186e+000  1.3000000e+019
  3.1026084e+000  1.3100000e+019
  3.1023960e+000  1.3200000e+019
  3.1021778e+000  1.3300000e+019
  3.1019579e+000  1.3400000e+019
  3.1017339e+000  1.3500000e+019
  3.1015016e+000  1.3600000e+019
  3.1012645e+000  1.3700000e+019
  3.1010272e+000  1.3800000e+019
  3.1007785e+000  1.3900000e+019
  3.1005248e+000  1.4000000e+019
  3.1002676e+000  1.4100000e+019
  3.0999971e+000  1.4200000e+019
  3.0997301e+000  1.4300000e+019
  3.0994589e+000  1.4400000e+019
  3.0991717e+000  1.4500000e+019
  3.0988816e+000  1.4600000e+019
  3.0985838e+000  1.4700000e+019
  3.0982801e+000  1.4800000e+019
  3.0979771e+000  1.4900000e+019
  3.0976661e+000  1.5000000e+019
  3.0973435e+000  1.5100000e+019
  3.0970170e+000  1.5200000e+019
  3.0966855e+000  1.5300000e+019
  3.0963487e+000  1.5400000e+019
  3.0960109e+000  1.5500000e+019
  3.0956669e+000  1.5600000e+019
  3.0953168e+000  1.5700000e+019
  3.0949649e+000  1.5800000e+019
  3.0946082e+000  1.5900000e+019
  3.0942470e+000  1.6000000e+019
  3.0938856e+000  1.6100000e+019
  3.0935246e+000  1.6200000e+019
  3.0931628e+000  1.6300000e+019
  3.0927996e+000  1.6400000e+019
  3.0924337e+000  1.6500000e+019
  3.0920663e+000  1.6600000e+019
  3.0917023e+000  1.6700000e+019
  3.0913448e+000  1.6800000e+019
  3.0909885e+000  1.6900000e+019
  3.0906326e+000  1.7000000e+019
  3.0902774e+000  1.7100000e+019
  3.0899252e+000  1.7200000e+019
  3.0895801e+000  1.7300000e+019
  3.0892408e+000  1.7400000e+019
  3.0889089e+000  1.7500000e+019
  3.0885766e+000  1.7600000e+019
  3.0882474e+000  1.7700000e+019
  3.0879259e+000  1.7800000e+019
  3.0876113e+000  1.7900000e+019
  3.0873026e+000  1.8000000e+019
  3.0870043e+000  1.8100000e+019
  3.0867060e+000  1.8200000e+019
  3.0864111e+000  1.8300000e+019
  3.0861240e+000  1.8400000e+019
  3.0858434e+000  1.8500000e+019
  3.0855679e+000  1.8600000e+019
  3.0853037e+000  1.8700000e+019
  3.0850408e+000  1.8800000e+019
  3.0847789e+000  1.8900000e+019
  3.0845216e+000  1.9000000e+019
  3.0842722e+000  1.9100000e+019
  3.0840263e+000  1.9200000e+019
  3.0837885e+000  1.9300000e+019
  3.0835544e+000  1.9400000e+019
  3.0833199e+000  1.9500000e+019
  3.0830853e+000  1.9600000e+019
  3.0828572e+000  1.9700000e+019
  3.0826338e+000  1.9800000e+019
  3.0824124e+000  1.9900000e+019
  3.0821946e+000  2.0000000e+019
  3.0819770e+000  2.0100000e+019
  3.0817586e+000  2.0200000e+019
  3.0815421e+000  2.0300000e+019
  3.0813285e+000  2.0400000e+019
  3.0811145e+000  2.0500000e+019
  3.0809008e+000  2.0600000e+019
  3.0806871e+000  2.0700000e+019
  3.0804733e+000  2.0800000e+019
  3.0802586e+000  2.0900000e+019
  3.0800409e+000  2.1000000e+019
  3.0798203e+000  2.1100000e+019
  3.0796010e+000  2.1200000e+019
  3.0793791e+000  2.1300000e+019
  3.0791514e+000  2.1400000e+019
  3.0789223e+000  2.1500000e+019
  3.0786898e+000  2.1600000e+019
  3.0784474e+000  2.1700000e+019
  3.0782053e+000  2.1800000e+019
  3.0779642e+000  2.1900000e+019
  3.0777068e+000  2.2000000e+019
  3.0774433e+000  2.2100000e+019
  3.0771771e+000  2.2200000e+019
  3.0769026e+000  2.2300000e+019
  3.0766195e+000  2.2400000e+019
  3.0763361e+000  2.2500000e+019
  3.0760406e+000  2.2600000e+019
  3.0757257e+000  2.2700000e+019
  3.0754063e+000  2.2800000e+019
  3.0750847e+000  2.2900000e+019
  3.0747481e+000  2.3000000e+019
  3.0744066e+000  2.3100000e+019
  3.0740532e+000  2.3200000e+019
  3.0736802e+000  2.3300000e+019
  3.0732962e+000  2.3400000e+019
  3.0729121e+000  2.3500000e+019
  3.0725153e+000  2.3600000e+019
  3.0721064e+000  2.3700000e+019
  3.0716846e+000  2.3800000e+019
  3.0712503e+000  2.3900000e+019
  3.0708003e+000  2.4000000e+019
  3.0703502e+000  2.4100000e+019
  3.0698901e+000  2.4200000e+019
  3.0694184e+000  2.4300000e+019
  3.0689343e+000  2.4400000e+019
  3.0684435e+000  2.4500000e+019
  3.0679385e+000  2.4600000e+019
  3.0674328e+000  2.4700000e+019
  3.0669217e+000  2.4800000e+019
  3.0664064e+000  2.4900000e+019
  3.0658777e+000  2.5000000e+019
  3.0653450e+000  2.5100000e+019
  3.0648055e+000  2.5200000e+019
  3.0642652e+000  2.5300000e+019
  3.0637290e+000  2.5400000e+019
  3.0631904e+000  2.5500000e+019
  3.0626408e+000  2.5600000e+019
  3.0620919e+000  2.5700000e+019
  3.0615417e+000  2.5800000e+019
  3.0609929e+000  2.5900000e+019
  3.0604533e+000  2.6000000e+019
  3.0599127e+000  2.6100000e+019
  3.0593661e+000  2.6200000e+019
  3.0588228e+000  2.6300000e+019
  3.0582814e+000  2.6400000e+019
  3.0577449e+000  2.6500000e+019
  3.0572160e+000  2.6600000e+019
  3.0566886e+000  2.6700000e+019
  3.0561604e+000  2.6800000e+019
  3.0556369e+000  2.6900000e+019
  3.0551158e+000  2.7000000e+019
  3.0546011e+000  2.7100000e+019
  3.0540924e+000  2.7200000e+019
  3.0535874e+000  2.7300000e+019
  3.0530836e+000  2.7400000e+019
  3.0525828e+000  2.7500000e+019
  3.0520854e+000  2.7600000e+019
  3.0515947e+000  2.7700000e+019
  3.0511066e+000  2.7800000e+019
  3.0506268e+000  2.7900000e+019
  3.0501483e+000  2.8000000e+019
  3.0496649e+000  2.8100000e+019
  3.0491883e+000  2.8200000e+019
  3.0487151e+000  2.8300000e+019
  3.0482457e+000  2.8400000e+019
  3.0477847e+000  2.8500000e+019
  3.0473237e+000  2.8600000e+019
  3.0468590e+000  2.8700000e+019
  3.0463933e+000  2.8800000e+019
  3.0459302e+000  2.8900000e+019
  3.0454686e+000  2.9000000e+019
  3.0450162e+000  2.9100000e+019
  3.0445612e+000  2.9200000e+019
  3.0441054e+000  2.9300000e+019
  3.0436484e+000  2.9400000e+019
  3.0431886e+000  2.9500000e+019
  3.0427265e+000  2.9600000e+019
  3.0422675e+000  2.9700000e+019
  3.0418118e+000  2.9800000e+019
  3.0413512e+000  2.9900000e+019
  3.0408919e+000  3.0000000e+019
  3.0404305e+000  3.0100000e+019
  3.0399644e+000  3.0200000e+019
  3.0394951e+000  3.0300000e+019
  3.0390271e+000  3.0400000e+019
  3.0385567e+000  3.0500000e+019
  3.0380837e+000  3.0600000e+019
  3.0376119e+000  3.0700000e+019
  3.0371365e+000  3.0800000e+019
  3.0366555e+000  3.0900000e+019
  3.0361767e+000  3.1000000e+019
  3.0356927e+000  3.1100000e+019
  3.0352031e+000  3.1200000e+019
  3.0347135e+000  3.1300000e+019
  3.0342249e+000  3.1400000e+019
  3.0337312e+000  3.1500000e+019
  3.0332379e+000  3.1600000e+019
  3.0327432e+000  3.1700000e+019
  3.0322442e+000  3.1800000e+019
  3.0317376e+000  3.1900000e+019
  3.0312320e+000  3.2000000e+019
  3.0307269e+000  3.2100000e+019
  3.0302209e+000  3.2200000e+019
  3.0297154e+000  3.2300000e+019
  3.0292080e+000  3.2400000e+019
  3.0286971e+000  3.2500000e+019
  3.0281795e+000  3.2600000e+019
  3.0276623e+000  3.2700000e+019
  3.0271466e+000  3.2800000e+019
  3.0266319e+000  3.2900000e+019
  3.0261173e+000  3.3000000e+019
  3.0256007e+000  3.3100000e+019
  3.0250823e+000  3.3200000e+019
  3.0245576e+000  3.3300000e+019
  3.0240351e+000  3.3400000e+019
  3.0235143e+000  3.3500000e+019
  3.0229927e+000  3.3600000e+019
  3.0224704e+000  3.3700000e+019
  3.0219478e+000  3.3800000e+019
  3.0214213e+000  3.3900000e+019
  3.0208921e+000  3.4000000e+019
  3.0203659e+000  3.4100000e+019
  3.0198385e+000  3.4200000e+019
  3.0193077e+000  3.4300000e+019
  3.0187754e+000  3.4400000e+019
  3.0182443e+000  3.4500000e+019
  3.0177071e+000  3.4600000e+019
  3.0171711e+000  3.4700000e+019
  3.0166337e+000  3.4800000e+019
  3.0160931e+000  3.4900000e+019
  3.0155493e+000  3.5000000e+019
  3.0150006e+000  3.5100000e+019
  3.0144479e+000  3.5200000e+019
  3.0138938e+000  3.5300000e+019
  3.0133386e+000  3.5400000e+019
  3.0127749e+000  3.5500000e+019
  3.0122099e+000  3.5600000e+019
  3.0116418e+000  3.5700000e+019
  3.0110627e+000  3.5800000e+019
  3.0104779e+000  3.5900000e+019
  3.0098929e+000  3.6000000e+019
  3.0093023e+000  3.6100000e+019
  3.0087040e+000  3.6200000e+019
  3.0081053e+000  3.6300000e+019
  3.0074989e+000  3.6400000e+019
  3.0068808e+000  3.6500000e+019
  3.0062600e+000  3.6600000e+019
  3.0056329e+000  3.6700000e+019
  3.0049927e+000  3.6800000e+019
  3.0043426e+000  3.6900000e+019
  3.0036894e+000  3.7000000e+019
  3.0030214e+000  3.7100000e+019
  3.0023505e+000  3.7200000e+019
  3.0016687e+000  3.7300000e+019
  3.0009785e+000  3.7400000e+019
  3.0002763e+000  3.7500000e+019
  2.9995680e+000  3.7600000e+019
  2.9988471e+000  3.7700000e+019
  2.9981220e+000  3.7800000e+019
  2.9973856e+000  3.7900000e+019
  2.9966410e+000  3.8000000e+019
  2.9958875e+000  3.8100000e+019
  2.9951189e+000  3.8200000e+019
  2.9943428e+000  3.8300000e+019
  2.9935647e+000  3.8400000e+019
  2.9927728e+000  3.8500000e+019
  2.9919753e+000  3.8600000e+019
  2.9911712e+000  3.8700000e+019
  2.9903468e+000  3.8800000e+019
  2.9895128e+000  3.8900000e+019
  2.9886746e+000  3.9000000e+019
  2.9878287e+000  3.9100000e+019
  2.9869735e+000  3.9200000e+019
  2.9861115e+000  3.9300000e+019
  2.9852399e+000  3.9400000e+019
  2.9843534e+000  3.9500000e+019
  2.9834557e+000  3.9600000e+019
  2.9825515e+000  3.9700000e+019
  2.9816397e+000  3.9800000e+019
  2.9807161e+000  3.9900000e+019
  2.9797837e+000  4.0000000e+019
  2.9788337e+000  4.0100000e+019
  2.9778688e+000  4.0200000e+019
  2.9768973e+000  4.0300000e+019
  2.9759217e+000  4.0400000e+019
  2.9749227e+000  4.0500000e+019
  2.9739127e+000  4.0600000e+019
  2.9728788e+000  4.0700000e+019
  2.9718313e+000  4.0800000e+019
  2.9707776e+000  4.0900000e+019
  2.9697109e+000  4.1000000e+019
  2.9686189e+000  4.1100000e+019
  2.9674985e+000  4.1200000e+019
  2.9663564e+000  4.1300000e+019
  2.9651998e+000  4.1400000e+019
  2.9640323e+000  4.1500000e+019
  2.9628416e+000  4.1600000e+019
  2.9616155e+000  4.1700000e+019
  2.9603516e+000  4.1800000e+019
  2.9590711e+000  4.1900000e+019
  2.9577696e+000  4.2000000e+019
  2.9564548e+000  4.2100000e+019
  2.9550994e+000  4.2200000e+019
  2.9537112e+000  4.2300000e+019
  2.9522780e+000  4.2400000e+019
  2.9508312e+000  4.2500000e+019
  2.9493598e+000  4.2600000e+019
  2.9478524e+000  4.2700000e+019
  2.9463238e+000  4.2800000e+019
  2.9447296e+000  4.2900000e+019
  2.9431179e+000  4.3000000e+019
