  3.2054037e+000  1.0000000e+017
  3.1924218e+000  2.0000000e+017
  3.1870425e+000  3.0000000e+017
  3.1826461e+000  4.0000000e+017
  3.1791391e+000  5.0000000e+017
  3.1761497e+000  6.0000000e+017
  3.1736507e+000  7.0000000e+017
  3.1714337e+000  8.0000000e+017
  3.1696466e+000  9.0000000e+017
  3.1680066e+000  1.0000000e+018
  3.1665403e+000  1.1000000e+018
  3.1653200e+000  1.2000000e+018
  3.1641712e+000  1.3000000e+018
  3.1631538e+000  1.4000000e+018
  3.1622976e+000  1.5000000e+018
  3.1614662e+000  1.6000000e+018
  3.1607204e+000  1.7000000e+018
  3.1600466e+000  1.8000000e+018
  3.1594415e+000  1.9000000e+018
  3.1588758e+000  2.0000000e+018
  3.1583455e+000  2.1000000e+018
  3.1578601e+000  2.2000000e+018
  3.1574072e+000  2.3000000e+018
  3.1569764e+000  2.4000000e+018
  3.1565539e+000  2.5000000e+018
  3.1561471e+000  2.6000000e+018
  3.1557616e+000  2.7000000e+018
  3.1553859e+000  2.8000000e+018
  3.1550112e+000  2.9000000e+018
  3.1546269e+000  3.0000000e+018
  3.1542527e+000  3.1000000e+018
  3.1538808e+000  3.2000000e+018
  3.1535076e+000  3.3000000e+018
  3.1531141e+000  3.4000000e+018
  3.1527140e+000  3.5000000e+018
  3.1523154e+000  3.6000000e+018
  3.1519112e+000  3.7000000e+018
  3.1514891e+000  3.8000000e+018
  3.1510495e+000  3.9000000e+018
  3.1506053e+000  4.0000000e+018
  3.1501559e+000  4.1000000e+018
  3.1496919e+000  4.2000000e+018
  3.1492136e+000  4.3000000e+018
  3.1487223e+000  4.4000000e+018
  3.1482223e+000  4.5000000e+018
  3.1477197e+000  4.6000000e+018
  3.1472065e+000  4.7000000e+018
  3.1466802e+000  4.8000000e+018
  3.1461440e+000  4.9000000e+018
  3.1456121e+000  5.0000000e+018
  3.1450760e+000  5.1000000e+018
  3.1445262e+000  5.2000000e+018
  3.1439737e+000  5.3000000e+018
  3.1434284e+000  5.4000000e+018
  3.1428839e+000  5.5000000e+018
  3.1423306e+000  5.6000000e+018
  3.1417771e+000  5.7000000e+018
  3.1412380e+000  5.8000000e+018
  3.1407031e+000  5.9000000e+018
  3.1401686e+000  6.0000000e+018
  3.1396346e+000  6.1000000e+018
  3.1391181e+000  6.2000000e+018
  3.1386128e+000  6.3000000e+018
  3.1381154e+000  6.4000000e+018
  3.1376249e+000  6.5000000e+018
  3.1371471e+000  6.6000000e+018
  3.1366844e+000  6.7000000e+018
  3.1362388e+000  6.8000000e+018
  3.1358059e+000  6.9000000e+018
  3.1353810e+000  7.0000000e+018
  3.1349749e+000  7.1000000e+018
  3.1345780e+000  7.2000000e+018
  3.1342039e+000  7.3000000e+018
  3.1338382e+000  7.4000000e+018
  3.1334867e+000  7.5000000e+018
  3.1331489e+000  7.6000000e+018
  3.1328152e+000  7.7000000e+018
  3.1325059e+000  7.8000000e+018
  3.1321988e+000  7.9000000e+018
  3.1319108e+000  8.0000000e+018
  3.1316264e+000  8.1000000e+018
  3.1313488e+000  8.2000000e+018
  3.1310823e+000  8.3000000e+018
  3.1308197e+000  8.4000000e+018
  3.1305722e+000  8.5000000e+018
  3.1303243e+000  8.6000000e+018
  3.1300799e+000  8.7000000e+018
  3.1298409e+000  8.8000000e+018
  3.1296030e+000  8.9000000e+018
  3.1293741e+000  9.0000000e+018
  3.1291427e+000  9.1000000e+018
  3.1289109e+000  9.2000000e+018
  3.1286828e+000  9.3000000e+018
  3.1284502e+000  9.4000000e+018
  3.1282211e+000  9.5000000e+018
  3.1279883e+000  9.6000000e+018
  3.1277525e+000  9.7000000e+018
  3.1275174e+000  9.8000000e+018
  3.1272781e+000  9.9000000e+018
  3.1270374e+000  1.0000000e+019
  3.1267894e+000  1.0100000e+019
  3.1265379e+000  1.0200000e+019
  3.1262854e+000  1.0300000e+019
  3.1260309e+000  1.0400000e+019
  3.1257724e+000  1.0500000e+019
  3.1255059e+000  1.0600000e+019
  3.1252338e+000  1.0700000e+019
  3.1249600e+000  1.0800000e+019
  3.1246887e+000  1.0900000e+019
  3.1244105e+000  1.1000000e+019
  3.1241272e+000  1.1100000e+019
  3.1238388e+000  1.1200000e+019
  3.1235470e+000  1.1300000e+019
  3.1232595e+000  1.1400000e+019
  3.1229678e+000  1.1500000e+019
  3.1226712e+000  1.1600000e+019
  3.1223736e+000  1.1700000e+019
  3.1220735e+000  1.1800000e+019
  3.1217745e+000  1.1900000e+019
  3.1214762e+000  1.2000000e+019
  3.1211760e+000  1.2100000e+019
  3.1208757e+000  1.2200000e+019
  3.1205780e+000  1.2300000e+019
  3.1202771e+000  1.2400000e+019
  3.1199798e+000  1.2500000e+019
  3.1196839e+000  1.2600000e+019
  3.1193919e+000  1.2700000e+019
  3.1191019e+000  1.2800000e+019
  3.1188132e+000  1.2900000e+019
  3.1185241e+000  1.3000000e+019
  3.1182401e+000  1.3100000e+019
  3.1179603e+000  1.3200000e+019
  3.1176849e+000  1.3300000e+019
  3.1174127e+000  1.3400000e+019
  3.1171421e+000  1.3500000e+019
  3.1168743e+000  1.3600000e+019
  3.1166082e+000  1.3700000e+019
  3.1163459e+000  1.3800000e+019
  3.1160902e+000  1.3900000e+019
  3.1158357e+000  1.4000000e+019
  3.1155858e+000  1.4100000e+019
  3.1153354e+000  1.4200000e+019
  3.1150833e+000  1.4300000e+019
  3.1148333e+000  1.4400000e+019
  3.1145899e+000  1.4500000e+019
  3.1143459e+000  1.4600000e+019
  3.1141035e+000  1.4700000e+019
  3.1138573e+000  1.4800000e+019
  3.1136089e+000  1.4900000e+019
  3.1133608e+000  1.5000000e+019
  3.1131112e+000  1.5100000e+019
  3.1128602e+000  1.5200000e+019
  3.1126052e+000  1.5300000e+019
  3.1123477e+000  1.5400000e+019
  3.1120883e+000  1.5500000e+019
  3.1118217e+000  1.5600000e+019
  3.1115486e+000  1.5700000e+019
  3.1112670e+000  1.5800000e+019
  3.1109818e+000  1.5900000e+019
  3.1106961e+000  1.6000000e+019
  3.1104047e+000  1.6100000e+019
  3.1101034e+000  1.6200000e+019
  3.1097863e+000  1.6300000e+019
  3.1094618e+000  1.6400000e+019
  3.1091341e+000  1.6500000e+019
  3.1088068e+000  1.6600000e+019
  3.1084681e+000  1.6700000e+019
  3.1081193e+000  1.6800000e+019
  3.1077525e+000  1.6900000e+019
  3.1073811e+000  1.7000000e+019
  3.1070091e+000  1.7100000e+019
  3.1066327e+000  1.7200000e+019
  3.1062483e+000  1.7300000e+019
  3.1058522e+000  1.7400000e+019
  3.1054442e+000  1.7500000e+019
  3.1050357e+000  1.7600000e+019
  3.1046271e+000  1.7700000e+019
  3.1042162e+000  1.7800000e+019
  3.1038011e+000  1.7900000e+019
  3.1033742e+000  1.8000000e+019
  3.1029441e+000  1.8100000e+019
  3.1025173e+000  1.8200000e+019
  3.1020960e+000  1.8300000e+019
  3.1016773e+000  1.8400000e+019
  3.1012526e+000  1.8500000e+019
  3.1008205e+000  1.8600000e+019
  3.1003943e+000  1.8700000e+019
  3.0999774e+000  1.8800000e+019
  3.0995692e+000  1.8900000e+019
  3.0991622e+000  1.9000000e+019
  3.0987547e+000  1.9100000e+019
  3.0983470e+000  1.9200000e+019
  3.0979452e+000  1.9300000e+019
  3.0975597e+000  1.9400000e+019
  3.0971791e+000  1.9500000e+019
  3.0968046e+000  1.9600000e+019
  3.0964331e+000  1.9700000e+019
  3.0960677e+000  1.9800000e+019
  3.0957045e+000  1.9900000e+019
  3.0953567e+000  2.0000000e+019
  3.0950148e+000  2.0100000e+019
  3.0946830e+000  2.0200000e+019
  3.0943540e+000  2.0300000e+019
  3.0940317e+000  2.0400000e+019
  3.0937132e+000  2.0500000e+019
  3.0934007e+000  2.0600000e+019
  3.0930980e+000  2.0700000e+019
  3.0928037e+000  2.0800000e+019
  3.0925118e+000  2.0900000e+019
  3.0922235e+000  2.1000000e+019
  3.0919413e+000  2.1100000e+019
  3.0916608e+000  2.1200000e+019
  3.0913849e+000  2.1300000e+019
  3.0911156e+000  2.1400000e+019
  3.0908455e+000  2.1500000e+019
  3.0905788e+000  2.1600000e+019
  3.0903138e+000  2.1700000e+019
  3.0900507e+000  2.1800000e+019
  3.0897879e+000  2.1900000e+019
  3.0895255e+000  2.2000000e+019
  3.0892597e+000  2.2100000e+019
  3.0889940e+000  2.2200000e+019
  3.0887286e+000  2.2300000e+019
  3.0884617e+000  2.2400000e+019
  3.0881911e+000  2.2500000e+019
  3.0879178e+000  2.2600000e+019
  3.0876382e+000  2.2700000e+019
  3.0873515e+000  2.2800000e+019
  3.0870638e+000  2.2900000e+019
  3.0867741e+000  2.3000000e+019
  3.0864766e+000  2.3100000e+019
  3.0861684e+000  2.3200000e+019
  3.0858573e+000  2.3300000e+019
  3.0855336e+000  2.3400000e+019
  3.0852030e+000  2.3500000e+019
  3.0848710e+000  2.3600000e+019
  3.0845279e+000  2.3700000e+019
  3.0841745e+000  2.3800000e+019
  3.0838094e+000  2.3900000e+019
  3.0834358e+000  2.4000000e+019
  3.0830507e+000  2.4100000e+019
  3.0826606e+000  2.4200000e+019
  3.0822587e+000  2.4300000e+019
  3.0818479e+000  2.4400000e+019
  3.0814275e+000  2.4500000e+019
  3.0809930e+000  2.4600000e+019
  3.0805481e+000  2.4700000e+019
  3.0800981e+000  2.4800000e+019
  3.0796342e+000  2.4900000e+019
  3.0791651e+000  2.5000000e+019
  3.0786865e+000  2.5100000e+019
  3.0782002e+000  2.5200000e+019
  3.0777014e+000  2.5300000e+019
  3.0771971e+000  2.5400000e+019
  3.0766823e+000  2.5500000e+019
  3.0761648e+000  2.5600000e+019
  3.0756404e+000  2.5700000e+019
  3.0751103e+000  2.5800000e+019
  3.0745768e+000  2.5900000e+019
  3.0740368e+000  2.6000000e+019
  3.0734900e+000  2.6100000e+019
  3.0729430e+000  2.6200000e+019
  3.0723928e+000  2.6300000e+019
  3.0718395e+000  2.6400000e+019
  3.0712860e+000  2.6500000e+019
  3.0707357e+000  2.6600000e+019
  3.0701775e+000  2.6700000e+019
  3.0696227e+000  2.6800000e+019
  3.0690678e+000  2.6900000e+019
  3.0685123e+000  2.7000000e+019
  3.0679587e+000  2.7100000e+019
  3.0674098e+000  2.7200000e+019
  3.0668598e+000  2.7300000e+019
  3.0663151e+000  2.7400000e+019
  3.0657714e+000  2.7500000e+019
  3.0652287e+000  2.7600000e+019
  3.0646863e+000  2.7700000e+019
  3.0641528e+000  2.7800000e+019
  3.0636198e+000  2.7900000e+019
  3.0630911e+000  2.8000000e+019
  3.0625675e+000  2.8100000e+019
  3.0620433e+000  2.8200000e+019
  3.0615191e+000  2.8300000e+019
  3.0610018e+000  2.8400000e+019
  3.0604894e+000  2.8500000e+019
  3.0599761e+000  2.8600000e+019
  3.0594703e+000  2.8700000e+019
  3.0589630e+000  2.8800000e+019
  3.0584539e+000  2.8900000e+019
  3.0579479e+000  2.9000000e+019
  3.0574495e+000  2.9100000e+019
  3.0569496e+000  2.9200000e+019
  3.0564529e+000  2.9300000e+019
  3.0559543e+000  2.9400000e+019
  3.0554506e+000  2.9500000e+019
  3.0549475e+000  2.9600000e+019
  3.0544497e+000  2.9700000e+019
  3.0539518e+000  2.9800000e+019
  3.0534539e+000  2.9900000e+019
  3.0529546e+000  3.0000000e+019
  3.0524448e+000  3.0100000e+019
  3.0519309e+000  3.0200000e+019
  3.0514216e+000  3.0300000e+019
  3.0509101e+000  3.0400000e+019
  3.0503977e+000  3.0500000e+019
  3.0498846e+000  3.0600000e+019
  3.0493603e+000  3.0700000e+019
  3.0488245e+000  3.0800000e+019
  3.0482880e+000  3.0900000e+019
  3.0477518e+000  3.1000000e+019
  3.0472120e+000  3.1100000e+019
  3.0466701e+000  3.1200000e+019
  3.0461220e+000  3.1300000e+019
  3.0455575e+000  3.1400000e+019
  3.0449876e+000  3.1500000e+019
  3.0444166e+000  3.1600000e+019
  3.0438411e+000  3.1700000e+019
  3.0432644e+000  3.1800000e+019
  3.0426830e+000  3.1900000e+019
  3.0420849e+000  3.2000000e+019
  3.0414796e+000  3.2100000e+019
  3.0408732e+000  3.2200000e+019
  3.0402599e+000  3.2300000e+019
  3.0396460e+000  3.2400000e+019
  3.0390284e+000  3.2500000e+019
  3.0383966e+000  3.2600000e+019
  3.0377590e+000  3.2700000e+019
  3.0371205e+000  3.2800000e+019
  3.0364774e+000  3.2900000e+019
  3.0358307e+000  3.3000000e+019
  3.0351809e+000  3.3100000e+019
  3.0345204e+000  3.3200000e+019
  3.0338578e+000  3.3300000e+019
  3.0331946e+000  3.3400000e+019
  3.0325290e+000  3.3500000e+019
  3.0318608e+000  3.3600000e+019
  3.0311888e+000  3.3700000e+019
  3.0305115e+000  3.3800000e+019
  3.0298319e+000  3.3900000e+019
  3.0291521e+000  3.4000000e+019
  3.0284713e+000  3.4100000e+019
  3.0277890e+000  3.4200000e+019
  3.0271061e+000  3.4300000e+019
  3.0264187e+000  3.4400000e+019
  3.0257303e+000  3.4500000e+019
  3.0250370e+000  3.4600000e+019
  3.0243449e+000  3.4700000e+019
  3.0236508e+000  3.4800000e+019
  3.0229561e+000  3.4900000e+019
  3.0222586e+000  3.5000000e+019
  3.0215603e+000  3.5100000e+019
  3.0208529e+000  3.5200000e+019
  3.0201440e+000  3.5300000e+019
  3.0194317e+000  3.5400000e+019
  3.0187173e+000  3.5500000e+019
  3.0180011e+000  3.5600000e+019
  3.0172843e+000  3.5700000e+019
  3.0165560e+000  3.5800000e+019
  3.0158278e+000  3.5900000e+019
  3.0150882e+000  3.6000000e+019
  3.0143420e+000  3.6100000e+019
  3.0135938e+000  3.6200000e+019
  3.0128454e+000  3.6300000e+019
  3.0120903e+000  3.6400000e+019
  3.0113264e+000  3.6500000e+019
  3.0105561e+000  3.6600000e+019
  3.0097645e+000  3.6700000e+019
  3.0089683e+000  3.6800000e+019
  3.0081708e+000  3.6900000e+019
  3.0073640e+000  3.7000000e+019
  3.0065476e+000  3.7100000e+019
  3.0057286e+000  3.7200000e+019
  3.0048867e+000  3.7300000e+019
  3.0040220e+000  3.7400000e+019
  3.0031527e+000  3.7500000e+019
  3.0022796e+000  3.7600000e+019
  3.0013940e+000  3.7700000e+019
  3.0004909e+000  3.7800000e+019
  2.9995585e+000  3.7900000e+019
  2.9986098e+000  3.8000000e+019
  2.9976521e+000  3.8100000e+019
  2.9966882e+000  3.8200000e+019
  2.9957168e+000  3.8300000e+019
  2.9947296e+000  3.8400000e+019
  2.9937028e+000  3.8500000e+019
  2.9926665e+000  3.8600000e+019
  2.9916125e+000  3.8700000e+019
  2.9905422e+000  3.8800000e+019
  2.9894519e+000  3.8900000e+019
  2.9883385e+000  3.9000000e+019
  2.9872102e+000  3.9100000e+019
  2.9860719e+000  3.9200000e+019
  2.9849146e+000  3.9300000e+019
  2.9837300e+000  3.9400000e+019
  2.9825243e+000  3.9500000e+019
  2.9813092e+000  3.9600000e+019
  2.9800697e+000  3.9700000e+019
  2.9788219e+000  3.9800000e+019
  2.9775329e+000  3.9900000e+019
  2.9762135e+000  4.0000000e+019
  2.9748939e+000  4.0100000e+019
  2.9735651e+000  4.0200000e+019
  2.9722028e+000  4.0300000e+019
  2.9708037e+000  4.0400000e+019
  2.9693657e+000  4.0500000e+019
  2.9679240e+000  4.0600000e+019
  2.9664823e+000  4.0700000e+019
  2.9649740e+000  4.0800000e+019
  2.9634170e+000  4.0900000e+019
  2.9618522e+000  4.1000000e+019
  2.9602485e+000  4.1100000e+019
  2.9585983e+000  4.1200000e+019
  2.9569239e+000  4.1300000e+019
  2.9552045e+000  4.1400000e+019
  2.9534481e+000  4.1500000e+019
  2.9516450e+000  4.1600000e+019
  2.9498166e+000  4.1700000e+019
  2.9479675e+000  4.1800000e+019
  2.9460632e+000  4.1900000e+019
  2.9441454e+000  4.2000000e+019
  2.9421432e+000  4.2100000e+019
  2.9401197e+000  4.2200000e+019
  2.9380700e+000  4.2300000e+019
  2.9359941e+000  4.2400000e+019
  2.9337884e+000  4.2500000e+019
  2.9315366e+000  4.2600000e+019
  2.9292543e+000  4.2700000e+019
  2.9268094e+000  4.2800000e+019
  2.9242748e+000  4.2900000e+019
  2.9216553e+000  4.3000000e+019
