  3.2115232e+000  1.0000000e+017
  3.1945742e+000  2.0000000e+017
  3.1883811e+000  3.0000000e+017
  3.1836667e+000  4.0000000e+017
  3.1795958e+000  5.0000000e+017
  3.1763205e+000  6.0000000e+017
  3.1736473e+000  7.0000000e+017
  3.1714526e+000  8.0000000e+017
  3.1694421e+000  9.0000000e+017
  3.1677976e+000  1.0000000e+018
  3.1663308e+000  1.1000000e+018
  3.1650115e+000  1.2000000e+018
  3.1638867e+000  1.3000000e+018
  3.1628924e+000  1.4000000e+018
  3.1619795e+000  1.5000000e+018
  3.1611486e+000  1.6000000e+018
  3.1604051e+000  1.7000000e+018
  3.1597178e+000  1.8000000e+018
  3.1590576e+000  1.9000000e+018
  3.1584467e+000  2.0000000e+018
  3.1578813e+000  2.1000000e+018
  3.1573424e+000  2.2000000e+018
  3.1568197e+000  2.3000000e+018
  3.1563057e+000  2.4000000e+018
  3.1557976e+000  2.5000000e+018
  3.1552988e+000  2.6000000e+018
  3.1547973e+000  2.7000000e+018
  3.1542880e+000  2.8000000e+018
  3.1537681e+000  2.9000000e+018
  3.1532415e+000  3.0000000e+018
  3.1527035e+000  3.1000000e+018
  3.1521489e+000  3.2000000e+018
  3.1515715e+000  3.3000000e+018
  3.1509728e+000  3.4000000e+018
  3.1503630e+000  3.5000000e+018
  3.1497273e+000  3.6000000e+018
  3.1490673e+000  3.7000000e+018
  3.1483897e+000  3.8000000e+018
  3.1477028e+000  3.9000000e+018
  3.1469841e+000  4.0000000e+018
  3.1462457e+000  4.1000000e+018
  3.1455020e+000  4.2000000e+018
  3.1447526e+000  4.3000000e+018
  3.1439735e+000  4.4000000e+018
  3.1431948e+000  4.5000000e+018
  3.1424140e+000  4.6000000e+018
  3.1416339e+000  4.7000000e+018
  3.1408542e+000  4.8000000e+018
  3.1400704e+000  4.9000000e+018
  3.1392951e+000  5.0000000e+018
  3.1385382e+000  5.1000000e+018
  3.1377851e+000  5.2000000e+018
  3.1370362e+000  5.3000000e+018
  3.1363052e+000  5.4000000e+018
  3.1355901e+000  5.5000000e+018
  3.1348818e+000  5.6000000e+018
  3.1341899e+000  5.7000000e+018
  3.1335118e+000  5.8000000e+018
  3.1328440e+000  5.9000000e+018
  3.1321890e+000  6.0000000e+018
  3.1315476e+000  6.1000000e+018
  3.1309226e+000  6.2000000e+018
  3.1303047e+000  6.3000000e+018
  3.1296991e+000  6.4000000e+018
  3.1291037e+000  6.5000000e+018
  3.1285277e+000  6.6000000e+018
  3.1279614e+000  6.7000000e+018
  3.1274027e+000  6.8000000e+018
  3.1268565e+000  6.9000000e+018
  3.1263230e+000  7.0000000e+018
  3.1258061e+000  7.1000000e+018
  3.1253026e+000  7.2000000e+018
  3.1248045e+000  7.3000000e+018
  3.1243150e+000  7.4000000e+018
  3.1238461e+000  7.5000000e+018
  3.1233879e+000  7.6000000e+018
  3.1229407e+000  7.7000000e+018
  3.1225016e+000  7.8000000e+018
  3.1220757e+000  7.9000000e+018
  3.1216572e+000  8.0000000e+018
  3.1212569e+000  8.1000000e+018
  3.1208624e+000  8.2000000e+018
  3.1204815e+000  8.3000000e+018
  3.1201070e+000  8.4000000e+018
  3.1197373e+000  8.5000000e+018
  3.1193836e+000  8.6000000e+018
  3.1190396e+000  8.7000000e+018
  3.1187041e+000  8.8000000e+018
  3.1183736e+000  8.9000000e+018
  3.1180469e+000  9.0000000e+018
  3.1177310e+000  9.1000000e+018
  3.1174259e+000  9.2000000e+018
  3.1171280e+000  9.3000000e+018
  3.1168325e+000  9.4000000e+018
  3.1165415e+000  9.5000000e+018
  3.1162560e+000  9.6000000e+018
  3.1159784e+000  9.7000000e+018
  3.1157086e+000  9.8000000e+018
  3.1154393e+000  9.9000000e+018
  3.1151756e+000  1.0000000e+019
  3.1149141e+000  1.0100000e+019
  3.1146552e+000  1.0200000e+019
  3.1144024e+000  1.0300000e+019
  3.1141515e+000  1.0400000e+019
  3.1139063e+000  1.0500000e+019
  3.1136598e+000  1.0600000e+019
  3.1134157e+000  1.0700000e+019
  3.1131726e+000  1.0800000e+019
  3.1129323e+000  1.0900000e+019
  3.1126972e+000  1.1000000e+019
  3.1124595e+000  1.1100000e+019
  3.1122235e+000  1.1200000e+019
  3.1119862e+000  1.1300000e+019
  3.1117511e+000  1.1400000e+019
  3.1115199e+000  1.1500000e+019
  3.1112866e+000  1.1600000e+019
  3.1110530e+000  1.1700000e+019
  3.1108182e+000  1.1800000e+019
  3.1105848e+000  1.1900000e+019
  3.1103530e+000  1.2000000e+019
  3.1101195e+000  1.2100000e+019
  3.1098858e+000  1.2200000e+019
  3.1096509e+000  1.2300000e+019
  3.1094153e+000  1.2400000e+019
  3.1091829e+000  1.2500000e+019
  3.1089455e+000  1.2600000e+019
  3.1087097e+000  1.2700000e+019
  3.1084736e+000  1.2800000e+019
  3.1082364e+000  1.2900000e+019
  3.1079997e+000  1.3000000e+019
  3.1077619e+000  1.3100000e+019
  3.1075215e+000  1.3200000e+019
  3.1072830e+000  1.3300000e+019
  3.1070444e+000  1.3400000e+019
  3.1068054e+000  1.3500000e+019
  3.1065652e+000  1.3600000e+019
  3.1063252e+000  1.3700000e+019
  3.1060821e+000  1.3800000e+019
  3.1058414e+000  1.3900000e+019
  3.1056014e+000  1.4000000e+019
  3.1053592e+000  1.4100000e+019
  3.1051164e+000  1.4200000e+019
  3.1048747e+000  1.4300000e+019
  3.1046303e+000  1.4400000e+019
  3.1043867e+000  1.4500000e+019
  3.1041441e+000  1.4600000e+019
  3.1038964e+000  1.4700000e+019
  3.1036504e+000  1.4800000e+019
  3.1034050e+000  1.4900000e+019
  3.1031579e+000  1.5000000e+019
  3.1029085e+000  1.5100000e+019
  3.1026573e+000  1.5200000e+019
  3.1024030e+000  1.5300000e+019
  3.1021496e+000  1.5400000e+019
  3.1018971e+000  1.5500000e+019
  3.1016429e+000  1.5600000e+019
  3.1013839e+000  1.5700000e+019
  3.1011174e+000  1.5800000e+019
  3.1008535e+000  1.5900000e+019
  3.1005886e+000  1.6000000e+019
  3.1003238e+000  1.6100000e+019
  3.1000568e+000  1.6200000e+019
  3.0997814e+000  1.6300000e+019
  3.0995028e+000  1.6400000e+019
  3.0992239e+000  1.6500000e+019
  3.0989440e+000  1.6600000e+019
  3.0986628e+000  1.6700000e+019
  3.0983769e+000  1.6800000e+019
  3.0980872e+000  1.6900000e+019
  3.0977973e+000  1.7000000e+019
  3.0975026e+000  1.7100000e+019
  3.0972056e+000  1.7200000e+019
  3.0969050e+000  1.7300000e+019
  3.0966012e+000  1.7400000e+019
  3.0963023e+000  1.7500000e+019
  3.0959991e+000  1.7600000e+019
  3.0956941e+000  1.7700000e+019
  3.0953800e+000  1.7800000e+019
  3.0950636e+000  1.7900000e+019
  3.0947498e+000  1.8000000e+019
  3.0944404e+000  1.8100000e+019
  3.0941289e+000  1.8200000e+019
  3.0938162e+000  1.8300000e+019
  3.0934934e+000  1.8400000e+019
  3.0931688e+000  1.8500000e+019
  3.0928478e+000  1.8600000e+019
  3.0925317e+000  1.8700000e+019
  3.0922174e+000  1.8800000e+019
  3.0918997e+000  1.8900000e+019
  3.0915798e+000  1.9000000e+019
  3.0912546e+000  1.9100000e+019
  3.0909323e+000  1.9200000e+019
  3.0906152e+000  1.9300000e+019
  3.0902990e+000  1.9400000e+019
  3.0899867e+000  1.9500000e+019
  3.0896759e+000  1.9600000e+019
  3.0893582e+000  1.9700000e+019
  3.0890419e+000  1.9800000e+019
  3.0887305e+000  1.9900000e+019
  3.0884243e+000  2.0000000e+019
  3.0881232e+000  2.0100000e+019
  3.0878235e+000  2.0200000e+019
  3.0875164e+000  2.0300000e+019
  3.0872160e+000  2.0400000e+019
  3.0869217e+000  2.0500000e+019
  3.0866304e+000  2.0600000e+019
  3.0863407e+000  2.0700000e+019
  3.0860495e+000  2.0800000e+019
  3.0857572e+000  2.0900000e+019
  3.0854724e+000  2.1000000e+019
  3.0851926e+000  2.1100000e+019
  3.0849134e+000  2.1200000e+019
  3.0846327e+000  2.1300000e+019
  3.0843467e+000  2.1400000e+019
  3.0840641e+000  2.1500000e+019
  3.0837830e+000  2.1600000e+019
  3.0835049e+000  2.1700000e+019
  3.0832271e+000  2.1800000e+019
  3.0829460e+000  2.1900000e+019
  3.0826629e+000  2.2000000e+019
  3.0823740e+000  2.2100000e+019
  3.0820834e+000  2.2200000e+019
  3.0817904e+000  2.2300000e+019
  3.0814980e+000  2.2400000e+019
  3.0812024e+000  2.2500000e+019
  3.0809036e+000  2.2600000e+019
  3.0806009e+000  2.2700000e+019
  3.0802834e+000  2.2800000e+019
  3.0799635e+000  2.2900000e+019
  3.0796377e+000  2.3000000e+019
  3.0793107e+000  2.3100000e+019
  3.0789836e+000  2.3200000e+019
  3.0786449e+000  2.3300000e+019
  3.0782912e+000  2.3400000e+019
  3.0779316e+000  2.3500000e+019
  3.0775610e+000  2.3600000e+019
  3.0771882e+000  2.3700000e+019
  3.0768166e+000  2.3800000e+019
  3.0764341e+000  2.3900000e+019
  3.0760344e+000  2.4000000e+019
  3.0756259e+000  2.4100000e+019
  3.0752087e+000  2.4200000e+019
  3.0747843e+000  2.4300000e+019
  3.0743619e+000  2.4400000e+019
  3.0739326e+000  2.4500000e+019
  3.0734897e+000  2.4600000e+019
  3.0730358e+000  2.4700000e+019
  3.0725755e+000  2.4800000e+019
  3.0721084e+000  2.4900000e+019
  3.0716410e+000  2.5000000e+019
  3.0711723e+000  2.5100000e+019
  3.0706977e+000  2.5200000e+019
  3.0702173e+000  2.5300000e+019
  3.0697274e+000  2.5400000e+019
  3.0692348e+000  2.5500000e+019
  3.0687425e+000  2.5600000e+019
  3.0682524e+000  2.5700000e+019
  3.0677644e+000  2.5800000e+019
  3.0672770e+000  2.5900000e+019
  3.0667790e+000  2.6000000e+019
  3.0662809e+000  2.6100000e+019
  3.0657878e+000  2.6200000e+019
  3.0652963e+000  2.6300000e+019
  3.0648112e+000  2.6400000e+019
  3.0643318e+000  2.6500000e+019
  3.0638452e+000  2.6600000e+019
  3.0633581e+000  2.6700000e+019
  3.0628760e+000  2.6800000e+019
  3.0623983e+000  2.6900000e+019
  3.0619277e+000  2.7000000e+019
  3.0614636e+000  2.7100000e+019
  3.0609948e+000  2.7200000e+019
  3.0605241e+000  2.7300000e+019
  3.0600605e+000  2.7400000e+019
  3.0596000e+000  2.7500000e+019
  3.0591460e+000  2.7600000e+019
  3.0586978e+000  2.7700000e+019
  3.0582446e+000  2.7800000e+019
  3.0577904e+000  2.7900000e+019
  3.0573408e+000  2.8000000e+019
  3.0568947e+000  2.8100000e+019
  3.0564525e+000  2.8200000e+019
  3.0560139e+000  2.8300000e+019
  3.0555708e+000  2.8400000e+019
  3.0551265e+000  2.8500000e+019
  3.0546838e+000  2.8600000e+019
  3.0542438e+000  2.8700000e+019
  3.0538045e+000  2.8800000e+019
  3.0533668e+000  2.8900000e+019
  3.0529280e+000  2.9000000e+019
  3.0524805e+000  2.9100000e+019
  3.0520351e+000  2.9200000e+019
  3.0515897e+000  2.9300000e+019
  3.0511440e+000  2.9400000e+019
  3.0506990e+000  2.9500000e+019
  3.0502517e+000  2.9600000e+019
  3.0497918e+000  2.9700000e+019
  3.0493305e+000  2.9800000e+019
  3.0488682e+000  2.9900000e+019
  3.0484027e+000  3.0000000e+019
  3.0479416e+000  3.0100000e+019
  3.0474754e+000  3.0200000e+019
  3.0469946e+000  3.0300000e+019
  3.0465056e+000  3.0400000e+019
  3.0460171e+000  3.0500000e+019
  3.0455218e+000  3.0600000e+019
  3.0450298e+000  3.0700000e+019
  3.0445386e+000  3.0800000e+019
  3.0440318e+000  3.0900000e+019
  3.0435094e+000  3.1000000e+019
  3.0429854e+000  3.1100000e+019
  3.0424591e+000  3.1200000e+019
  3.0419281e+000  3.1300000e+019
  3.0414002e+000  3.1400000e+019
  3.0408677e+000  3.1500000e+019
  3.0403151e+000  3.1600000e+019
  3.0397563e+000  3.1700000e+019
  3.0391955e+000  3.1800000e+019
  3.0386304e+000  3.1900000e+019
  3.0380680e+000  3.2000000e+019
  3.0375037e+000  3.2100000e+019
  3.0369307e+000  3.2200000e+019
  3.0363461e+000  3.2300000e+019
  3.0357581e+000  3.2400000e+019
  3.0351676e+000  3.2500000e+019
  3.0345786e+000  3.2600000e+019
  3.0339928e+000  3.2700000e+019
  3.0334040e+000  3.2800000e+019
  3.0328061e+000  3.2900000e+019
  3.0322035e+000  3.3000000e+019
  3.0316021e+000  3.3100000e+019
  3.0309998e+000  3.3200000e+019
  3.0304031e+000  3.3300000e+019
  3.0298085e+000  3.3400000e+019
  3.0292069e+000  3.3500000e+019
  3.0286055e+000  3.3600000e+019
  3.0280036e+000  3.3700000e+019
  3.0274032e+000  3.3800000e+019
  3.0268034e+000  3.3900000e+019
  3.0262116e+000  3.4000000e+019
  3.0256155e+000  3.4100000e+019
  3.0250221e+000  3.4200000e+019
  3.0244281e+000  3.4300000e+019
  3.0238343e+000  3.4400000e+019
  3.0232407e+000  3.4500000e+019
  3.0226512e+000  3.4600000e+019
  3.0220633e+000  3.4700000e+019
  3.0214776e+000  3.4800000e+019
  3.0208908e+000  3.4900000e+019
  3.0203036e+000  3.5000000e+019
  3.0197162e+000  3.5100000e+019
  3.0191278e+000  3.5200000e+019
  3.0185390e+000  3.5300000e+019
  3.0179508e+000  3.5400000e+019
  3.0173650e+000  3.5500000e+019
  3.0167745e+000  3.5600000e+019
  3.0161832e+000  3.5700000e+019
  3.0155916e+000  3.5800000e+019
  3.0149884e+000  3.5900000e+019
  3.0143869e+000  3.6000000e+019
  3.0137845e+000  3.6100000e+019
  3.0131789e+000  3.6200000e+019
  3.0125664e+000  3.6300000e+019
  3.0119523e+000  3.6400000e+019
  3.0113366e+000  3.6500000e+019
  3.0107113e+000  3.6600000e+019
  3.0100824e+000  3.6700000e+019
  3.0094492e+000  3.6800000e+019
  3.0088108e+000  3.6900000e+019
  3.0081666e+000  3.7000000e+019
  3.0075241e+000  3.7100000e+019
  3.0068730e+000  3.7200000e+019
  3.0062039e+000  3.7300000e+019
  3.0055301e+000  3.7400000e+019
  3.0048484e+000  3.7500000e+019
  3.0041649e+000  3.7600000e+019
  3.0034687e+000  3.7700000e+019
  3.0027673e+000  3.7800000e+019
  3.0020500e+000  3.7900000e+019
  3.0013135e+000  3.8000000e+019
  3.0005622e+000  3.8100000e+019
  2.9998025e+000  3.8200000e+019
  2.9990406e+000  3.8300000e+019
  2.9982679e+000  3.8400000e+019
  2.9974819e+000  3.8500000e+019
  2.9966775e+000  3.8600000e+019
  2.9958623e+000  3.8700000e+019
  2.9950187e+000  3.8800000e+019
  2.9941795e+000  3.8900000e+019
  2.9933251e+000  3.9000000e+019
  2.9924582e+000  3.9100000e+019
  2.9915826e+000  3.9200000e+019
  2.9906982e+000  3.9300000e+019
  2.9897893e+000  3.9400000e+019
  2.9888701e+000  3.9500000e+019
  2.9879433e+000  3.9600000e+019
  2.9870068e+000  3.9700000e+019
  2.9860680e+000  3.9800000e+019
  2.9851178e+000  3.9900000e+019
  2.9841540e+000  4.0000000e+019
  2.9831545e+000  4.0100000e+019
  2.9821530e+000  4.0200000e+019
  2.9811434e+000  4.0300000e+019
  2.9801249e+000  4.0400000e+019
  2.9791074e+000  4.0500000e+019
  2.9780791e+000  4.0600000e+019
  2.9770073e+000  4.0700000e+019
  2.9759347e+000  4.0800000e+019
  2.9748524e+000  4.0900000e+019
  2.9737632e+000  4.1000000e+019
  2.9726781e+000  4.1100000e+019
  2.9715682e+000  4.1200000e+019
  2.9704337e+000  4.1300000e+019
  2.9692921e+000  4.1400000e+019
  2.9681427e+000  4.1500000e+019
  2.9669783e+000  4.1600000e+019
  2.9657987e+000  4.1700000e+019
  2.9645992e+000  4.1800000e+019
  2.9633924e+000  4.1900000e+019
  2.9621615e+000  4.2000000e+019
  2.9609190e+000  4.2100000e+019
  2.9596525e+000  4.2200000e+019
  2.9583678e+000  4.2300000e+019
  2.9570658e+000  4.2400000e+019
  2.9557483e+000  4.2500000e+019
  2.9543896e+000  4.2600000e+019
  2.9530131e+000  4.2700000e+019
  2.9516078e+000  4.2800000e+019
  2.9502003e+000  4.2900000e+019
  2.9487520e+000  4.3000000e+019
