  3.2264953e+000  1.0000000e+017
  3.1999814e+000  2.0000000e+017
  3.1947951e+000  3.0000000e+017
  3.1908255e+000  4.0000000e+017
  3.1877213e+000  5.0000000e+017
  3.1849267e+000  6.0000000e+017
  3.1825757e+000  7.0000000e+017
  3.1805285e+000  8.0000000e+017
  3.1787819e+000  9.0000000e+017
  3.1772546e+000  1.0000000e+018
  3.1758207e+000  1.1000000e+018
  3.1745710e+000  1.2000000e+018
  3.1734475e+000  1.3000000e+018
  3.1724160e+000  1.4000000e+018
  3.1714970e+000  1.5000000e+018
  3.1706723e+000  1.6000000e+018
  3.1698869e+000  1.7000000e+018
  3.1691541e+000  1.8000000e+018
  3.1684817e+000  1.9000000e+018
  3.1678640e+000  2.0000000e+018
  3.1672667e+000  2.1000000e+018
  3.1667097e+000  2.2000000e+018
  3.1661817e+000  2.3000000e+018
  3.1656860e+000  2.4000000e+018
  3.1651969e+000  2.5000000e+018
  3.1647298e+000  2.6000000e+018
  3.1642789e+000  2.7000000e+018
  3.1638480e+000  2.8000000e+018
  3.1634269e+000  2.9000000e+018
  3.1630162e+000  3.0000000e+018
  3.1626163e+000  3.1000000e+018
  3.1622238e+000  3.2000000e+018
  3.1618423e+000  3.3000000e+018
  3.1614685e+000  3.4000000e+018
  3.1611009e+000  3.5000000e+018
  3.1607385e+000  3.6000000e+018
  3.1603839e+000  3.7000000e+018
  3.1600374e+000  3.8000000e+018
  3.1596986e+000  3.9000000e+018
  3.1593636e+000  4.0000000e+018
  3.1590335e+000  4.1000000e+018
  3.1587094e+000  4.2000000e+018
  3.1583955e+000  4.3000000e+018
  3.1580849e+000  4.4000000e+018
  3.1577799e+000  4.5000000e+018
  3.1574800e+000  4.6000000e+018
  3.1571865e+000  4.7000000e+018
  3.1568998e+000  4.8000000e+018
  3.1566202e+000  4.9000000e+018
  3.1563416e+000  5.0000000e+018
  3.1560693e+000  5.1000000e+018
  3.1558032e+000  5.2000000e+018
  3.1555461e+000  5.3000000e+018
  3.1552921e+000  5.4000000e+018
  3.1550378e+000  5.5000000e+018
  3.1547896e+000  5.6000000e+018
  3.1545478e+000  5.7000000e+018
  3.1543157e+000  5.8000000e+018
  3.1540817e+000  5.9000000e+018
  3.1538480e+000  6.0000000e+018
  3.1536187e+000  6.1000000e+018
  3.1533960e+000  6.2000000e+018
  3.1531826e+000  6.3000000e+018
  3.1529652e+000  6.4000000e+018
  3.1527488e+000  6.5000000e+018
  3.1525348e+000  6.6000000e+018
  3.1523244e+000  6.7000000e+018
  3.1521247e+000  6.8000000e+018
  3.1519225e+000  6.9000000e+018
  3.1517209e+000  7.0000000e+018
  3.1515209e+000  7.1000000e+018
  3.1513226e+000  7.2000000e+018
  3.1511318e+000  7.3000000e+018
  3.1509436e+000  7.4000000e+018
  3.1507552e+000  7.5000000e+018
  3.1505690e+000  7.6000000e+018
  3.1503836e+000  7.7000000e+018
  3.1502026e+000  7.8000000e+018
  3.1500258e+000  7.9000000e+018
  3.1498501e+000  8.0000000e+018
  3.1496759e+000  8.1000000e+018
  3.1495025e+000  8.2000000e+018
  3.1493337e+000  8.3000000e+018
  3.1491669e+000  8.4000000e+018
  3.1490006e+000  8.5000000e+018
  3.1488356e+000  8.6000000e+018
  3.1486711e+000  8.7000000e+018
  3.1485088e+000  8.8000000e+018
  3.1483513e+000  8.9000000e+018
  3.1481915e+000  9.0000000e+018
  3.1480305e+000  9.1000000e+018
  3.1478687e+000  9.2000000e+018
  3.1477058e+000  9.3000000e+018
  3.1475471e+000  9.4000000e+018
  3.1473871e+000  9.5000000e+018
  3.1472240e+000  9.6000000e+018
  3.1470572e+000  9.7000000e+018
  3.1468866e+000  9.8000000e+018
  3.1467137e+000  9.9000000e+018
  3.1465396e+000  1.0000000e+019
  3.1463646e+000  1.0100000e+019
  3.1461826e+000  1.0200000e+019
  3.1459955e+000  1.0300000e+019
  3.1457998e+000  1.0400000e+019
  3.1455991e+000  1.0500000e+019
  3.1453966e+000  1.0600000e+019
  3.1451875e+000  1.0700000e+019
  3.1449762e+000  1.0800000e+019
  3.1447495e+000  1.0900000e+019
  3.1445157e+000  1.1000000e+019
  3.1442782e+000  1.1100000e+019
  3.1440335e+000  1.1200000e+019
  3.1437828e+000  1.1300000e+019
  3.1435253e+000  1.1400000e+019
  3.1432543e+000  1.1500000e+019
  3.1429783e+000  1.1600000e+019
  3.1426993e+000  1.1700000e+019
  3.1424083e+000  1.1800000e+019
  3.1421137e+000  1.1900000e+019
  3.1418106e+000  1.2000000e+019
  3.1414984e+000  1.2100000e+019
  3.1411850e+000  1.2200000e+019
  3.1408682e+000  1.2300000e+019
  3.1405404e+000  1.2400000e+019
  3.1402089e+000  1.2500000e+019
  3.1398712e+000  1.2600000e+019
  3.1395308e+000  1.2700000e+019
  3.1391925e+000  1.2800000e+019
  3.1388502e+000  1.2900000e+019
  3.1384995e+000  1.3000000e+019
  3.1381472e+000  1.3100000e+019
  3.1377929e+000  1.3200000e+019
  3.1374392e+000  1.3300000e+019
  3.1370921e+000  1.3400000e+019
  3.1367377e+000  1.3500000e+019
  3.1363807e+000  1.3600000e+019
  3.1360259e+000  1.3700000e+019
  3.1356702e+000  1.3800000e+019
  3.1353178e+000  1.3900000e+019
  3.1349711e+000  1.4000000e+019
  3.1346185e+000  1.4100000e+019
  3.1342694e+000  1.4200000e+019
  3.1339232e+000  1.4300000e+019
  3.1335768e+000  1.4400000e+019
  3.1332328e+000  1.4500000e+019
  3.1328919e+000  1.4600000e+019
  3.1325520e+000  1.4700000e+019
  3.1322179e+000  1.4800000e+019
  3.1318845e+000  1.4900000e+019
  3.1315515e+000  1.5000000e+019
  3.1312190e+000  1.5100000e+019
  3.1308911e+000  1.5200000e+019
  3.1305650e+000  1.5300000e+019
  3.1302426e+000  1.5400000e+019
  3.1299218e+000  1.5500000e+019
  3.1296018e+000  1.5600000e+019
  3.1292851e+000  1.5700000e+019
  3.1289677e+000  1.5800000e+019
  3.1286496e+000  1.5900000e+019
  3.1283337e+000  1.6000000e+019
  3.1280201e+000  1.6100000e+019
  3.1277114e+000  1.6200000e+019
  3.1274034e+000  1.6300000e+019
  3.1270902e+000  1.6400000e+019
  3.1267726e+000  1.6500000e+019
  3.1264541e+000  1.6600000e+019
  3.1261392e+000  1.6700000e+019
  3.1258309e+000  1.6800000e+019
  3.1255195e+000  1.6900000e+019
  3.1252004e+000  1.7000000e+019
  3.1248756e+000  1.7100000e+019
  3.1245450e+000  1.7200000e+019
  3.1242164e+000  1.7300000e+019
  3.1238924e+000  1.7400000e+019
  3.1235627e+000  1.7500000e+019
  3.1232272e+000  1.7600000e+019
  3.1228852e+000  1.7700000e+019
  3.1225315e+000  1.7800000e+019
  3.1221783e+000  1.7900000e+019
  3.1218233e+000  1.8000000e+019
  3.1214645e+000  1.8100000e+019
  3.1211035e+000  1.8200000e+019
  3.1207317e+000  1.8300000e+019
  3.1203477e+000  1.8400000e+019
  3.1199629e+000  1.8500000e+019
  3.1195706e+000  1.8600000e+019
  3.1191784e+000  1.8700000e+019
  3.1187825e+000  1.8800000e+019
  3.1183759e+000  1.8900000e+019
  3.1179595e+000  1.9000000e+019
  3.1175417e+000  1.9100000e+019
  3.1171192e+000  1.9200000e+019
  3.1166947e+000  1.9300000e+019
  3.1162637e+000  1.9400000e+019
  3.1158279e+000  1.9500000e+019
  3.1153852e+000  1.9600000e+019
  3.1149450e+000  1.9700000e+019
  3.1145020e+000  1.9800000e+019
  3.1140558e+000  1.9900000e+019
  3.1136078e+000  2.0000000e+019
  3.1131554e+000  2.0100000e+019
  3.1127004e+000  2.0200000e+019
  3.1122515e+000  2.0300000e+019
  3.1118051e+000  2.0400000e+019
  3.1113575e+000  2.0500000e+019
  3.1109081e+000  2.0600000e+019
  3.1104586e+000  2.0700000e+019
  3.1100055e+000  2.0800000e+019
  3.1095663e+000  2.0900000e+019
  3.1091278e+000  2.1000000e+019
  3.1086894e+000  2.1100000e+019
  3.1082530e+000  2.1200000e+019
  3.1078175e+000  2.1300000e+019
  3.1073783e+000  2.1400000e+019
  3.1069521e+000  2.1500000e+019
  3.1065254e+000  2.1600000e+019
  3.1060997e+000  2.1700000e+019
  3.1056787e+000  2.1800000e+019
  3.1052595e+000  2.1900000e+019
  3.1048361e+000  2.2000000e+019
  3.1044176e+000  2.2100000e+019
  3.1040005e+000  2.2200000e+019
  3.1035842e+000  2.2300000e+019
  3.1031708e+000  2.2400000e+019
  3.1027609e+000  2.2500000e+019
  3.1023454e+000  2.2600000e+019
  3.1019317e+000  2.2700000e+019
  3.1015182e+000  2.2800000e+019
  3.1011043e+000  2.2900000e+019
  3.1006885e+000  2.3000000e+019
  3.1002776e+000  2.3100000e+019
  3.0998641e+000  2.3200000e+019
  3.0994471e+000  2.3300000e+019
  3.0990296e+000  2.3400000e+019
  3.0986121e+000  2.3500000e+019
  3.0981906e+000  2.3600000e+019
  3.0977662e+000  2.3700000e+019
  3.0973452e+000  2.3800000e+019
  3.0969206e+000  2.3900000e+019
  3.0964929e+000  2.4000000e+019
  3.0960672e+000  2.4100000e+019
  3.0956354e+000  2.4200000e+019
  3.0951978e+000  2.4300000e+019
  3.0947601e+000  2.4400000e+019
  3.0943213e+000  2.4500000e+019
  3.0938817e+000  2.4600000e+019
  3.0934397e+000  2.4700000e+019
  3.0929951e+000  2.4800000e+019
  3.0925444e+000  2.4900000e+019
  3.0920883e+000  2.5000000e+019
  3.0916330e+000  2.5100000e+019
  3.0911774e+000  2.5200000e+019
  3.0907199e+000  2.5300000e+019
  3.0902568e+000  2.5400000e+019
  3.0897915e+000  2.5500000e+019
  3.0893172e+000  2.5600000e+019
  3.0888415e+000  2.5700000e+019
  3.0883705e+000  2.5800000e+019
  3.0878973e+000  2.5900000e+019
  3.0874175e+000  2.6000000e+019
  3.0869309e+000  2.6100000e+019
  3.0864410e+000  2.6200000e+019
  3.0859435e+000  2.6300000e+019
  3.0854536e+000  2.6400000e+019
  3.0849642e+000  2.6500000e+019
  3.0844690e+000  2.6600000e+019
  3.0839612e+000  2.6700000e+019
  3.0834521e+000  2.6800000e+019
  3.0829369e+000  2.6900000e+019
  3.0824250e+000  2.7000000e+019
  3.0819167e+000  2.7100000e+019
  3.0814059e+000  2.7200000e+019
  3.0808791e+000  2.7300000e+019
  3.0803529e+000  2.7400000e+019
  3.0798227e+000  2.7500000e+019
  3.0792921e+000  2.7600000e+019
  3.0787644e+000  2.7700000e+019
  3.0782357e+000  2.7800000e+019
  3.0776965e+000  2.7900000e+019
  3.0771557e+000  2.8000000e+019
  3.0766145e+000  2.8100000e+019
  3.0760731e+000  2.8200000e+019
  3.0755296e+000  2.8300000e+019
  3.0749868e+000  2.8400000e+019
  3.0744389e+000  2.8500000e+019
  3.0738880e+000  2.8600000e+019
  3.0733389e+000  2.8700000e+019
  3.0727911e+000  2.8800000e+019
  3.0722397e+000  2.8900000e+019
  3.0716877e+000  2.9000000e+019
  3.0711368e+000  2.9100000e+019
  3.0705806e+000  2.9200000e+019
  3.0700247e+000  2.9300000e+019
  3.0694718e+000  2.9400000e+019
  3.0689169e+000  2.9500000e+019
  3.0683597e+000  2.9600000e+019
  3.0678073e+000  2.9700000e+019
  3.0672492e+000  2.9800000e+019
  3.0666879e+000  2.9900000e+019
  3.0661283e+000  3.0000000e+019
  3.0655692e+000  3.0100000e+019
  3.0650066e+000  3.0200000e+019
  3.0644496e+000  3.0300000e+019
  3.0638894e+000  3.0400000e+019
  3.0633215e+000  3.0500000e+019
  3.0627530e+000  3.0600000e+019
  3.0621859e+000  3.0700000e+019
  3.0616166e+000  3.0800000e+019
  3.0610477e+000  3.0900000e+019
  3.0604784e+000  3.1000000e+019
  3.0599050e+000  3.1100000e+019
  3.0593255e+000  3.1200000e+019
  3.0587469e+000  3.1300000e+019
  3.0581680e+000  3.1400000e+019
  3.0575852e+000  3.1500000e+019
  3.0570009e+000  3.1600000e+019
  3.0564149e+000  3.1700000e+019
  3.0558240e+000  3.1800000e+019
  3.0552307e+000  3.1900000e+019
  3.0546405e+000  3.2000000e+019
  3.0540447e+000  3.2100000e+019
  3.0534436e+000  3.2200000e+019
  3.0528419e+000  3.2300000e+019
  3.0522356e+000  3.2400000e+019
  3.0516270e+000  3.2500000e+019
  3.0510199e+000  3.2600000e+019
  3.0504125e+000  3.2700000e+019
  3.0497972e+000  3.2800000e+019
  3.0491790e+000  3.2900000e+019
  3.0485549e+000  3.3000000e+019
  3.0479270e+000  3.3100000e+019
  3.0472993e+000  3.3200000e+019
  3.0466743e+000  3.3300000e+019
  3.0460440e+000  3.3400000e+019
  3.0454099e+000  3.3500000e+019
  3.0447684e+000  3.3600000e+019
  3.0441174e+000  3.3700000e+019
  3.0434662e+000  3.3800000e+019
  3.0428154e+000  3.3900000e+019
  3.0421627e+000  3.4000000e+019
  3.0415098e+000  3.4100000e+019
  3.0408470e+000  3.4200000e+019
  3.0401716e+000  3.4300000e+019
  3.0394932e+000  3.4400000e+019
  3.0388119e+000  3.4500000e+019
  3.0381274e+000  3.4600000e+019
  3.0374438e+000  3.4700000e+019
  3.0367568e+000  3.4800000e+019
  3.0360514e+000  3.4900000e+019
  3.0353428e+000  3.5000000e+019
  3.0346275e+000  3.5100000e+019
  3.0339071e+000  3.5200000e+019
  3.0331835e+000  3.5300000e+019
  3.0324586e+000  3.5400000e+019
  3.0317273e+000  3.5500000e+019
  3.0309786e+000  3.5600000e+019
  3.0302267e+000  3.5700000e+019
  3.0294681e+000  3.5800000e+019
  3.0287040e+000  3.5900000e+019
  3.0279365e+000  3.6000000e+019
  3.0271643e+000  3.6100000e+019
  3.0263756e+000  3.6200000e+019
  3.0255769e+000  3.6300000e+019
  3.0247729e+000  3.6400000e+019
  3.0239613e+000  3.6500000e+019
  3.0231489e+000  3.6600000e+019
  3.0223257e+000  3.6700000e+019
  3.0214858e+000  3.6800000e+019
  3.0206266e+000  3.6900000e+019
  3.0197701e+000  3.7000000e+019
  3.0189106e+000  3.7100000e+019
  3.0180408e+000  3.7200000e+019
  3.0171663e+000  3.7300000e+019
  3.0162668e+000  3.7400000e+019
  3.0153430e+000  3.7500000e+019
  3.0144112e+000  3.7600000e+019
  3.0134722e+000  3.7700000e+019
  3.0125222e+000  3.7800000e+019
  3.0115681e+000  3.7900000e+019
  3.0105927e+000  3.8000000e+019
  3.0095974e+000  3.8100000e+019
  3.0085906e+000  3.8200000e+019
  3.0075810e+000  3.8300000e+019
  3.0065550e+000  3.8400000e+019
  3.0055179e+000  3.8500000e+019
  3.0044413e+000  3.8600000e+019
  3.0033409e+000  3.8700000e+019
  3.0022235e+000  3.8800000e+019
  3.0011001e+000  3.8900000e+019
  2.9999674e+000  3.9000000e+019
  2.9988171e+000  3.9100000e+019
  2.9976358e+000  3.9200000e+019
  2.9964193e+000  3.9300000e+019
  2.9951803e+000  3.9400000e+019
  2.9939220e+000  3.9500000e+019
  2.9926272e+000  3.9600000e+019
  2.9913107e+000  3.9700000e+019
  2.9899649e+000  3.9800000e+019
  2.9885978e+000  3.9900000e+019
  2.9872165e+000  4.0000000e+019
  2.9858065e+000  4.0100000e+019
  2.9843616e+000  4.0200000e+019
  2.9828596e+000  4.0300000e+019
  2.9813366e+000  4.0400000e+019
  2.9797898e+000  4.0500000e+019
  2.9782029e+000  4.0600000e+019
  2.9765811e+000  4.0700000e+019
  2.9749277e+000  4.0800000e+019
  2.9732342e+000  4.0900000e+019
  2.9715275e+000  4.1000000e+019
  2.9697042e+000  4.1100000e+019
  2.9678632e+000  4.1200000e+019
  2.9659875e+000  4.1300000e+019
  2.9640160e+000  4.1400000e+019
  2.9619115e+000  4.1500000e+019
  2.9597477e+000  4.1600000e+019
  2.9573507e+000  4.1700000e+019
  2.9547905e+000  4.1800000e+019
  2.9512641e+000  4.1900000e+019
  2.9465194e+000  4.2000000e+019
  2.9431086e+000  4.2100000e+019
  2.9401867e+000  4.2200000e+019
  2.9375266e+000  4.2300000e+019
  2.9348871e+000  4.2400000e+019
  2.9322641e+000  4.2500000e+019
  2.9296757e+000  4.2600000e+019
  2.9270351e+000  4.2700000e+019
  2.9243646e+000  4.2800000e+019
  2.9217124e+000  4.2900000e+019
  2.9190184e+000  4.3000000e+019
