43750
43752
43753
43756
43758
43759
43835
43836
43837
43838
43839
43840
43841
43844
43845
43846
43847
43849
43850
43851
43852
43854
43855
43856
43857
43858
43859
43860
43863
43865
43866
43869
43870
43871
43872
43874
43875
43876
43877
43878
43879
43880
43881
43882
43883
43884
43885
43886
43888
43889
43890
43891
43892
43893
43897
43929
43942
43943
43944
43945
43946
43947
43948
43988
43990
43991
43992
43993
43994
44179
44180
44181
44182
44187
44207
44211
44212
44213
44214
44215
44216
44217
44218
44220
44221
44222
44351
44352
44353
44358
44560
44561
44562
44563
44567
44568
44569
44570
44571
44572
44573
44574
44575
44577
44578
44579
44610
44611
44612
44613
44614
44615
44616
44617
44618
44619
44620
44649
44654
44655
44656
44657
44658
44659
44660
44662
44663
44664
44665
44668
44669
44670
44671
44672
44673
44674
44675
44676
44677
44753
44821
44822
44823
44825
44826
44827
44828
44829
44830
44831
44832
44833
44847
44848
44849
44851
44852
44853
44854
44855
44856
44857
44858
44859
44860
44861
44862
44863
44864
44865
44866
44867
44868
44870
44871
44900
44901
44902
44903
44904
44909
44911
44912
44913
44914
44915
44916
44919
44920
44921
44922
44923
44924
44925
44926
44927
44928
44929
44930
44931
44932
44936
44941
44942
44943
44946
44947
44948
45034
45036
45037
45038
45042
45043
45046
45047
45059
45060
45061
45063
45064
45065
45069
45098
45099
45100
45102
45103
45107
45108
45109
45110
45111
45112
45113
45114
45115
45116
45117
45118
45119
45120
45121
45126
45194
45195
45196
45197
45198
45199
45200
45201
45202
45203
45204
45205
45206
45207
45208
45209
45223
45224
45226
45227
45228
45230
45231
45237
45238
45239
45262
45263
45298
45299
45300
45430
45431
45432
45433
45434
45436
45437
45438
45439
45440
45441
45442
45443
45444
45445
45446
45447
45448
45449
45450
45477
45478
45479
45480
45481
45482
45483
45484
45485
45486
45487
45488
45489
45490
45491
45492
45493
45495
45496
45497
45498
45499
45693
45694
45695
45757
45758
45760
45763
45764
45765
45766
45767
45768
45769
45770
45771
45781
46317
46324
46325
46326
46327
46328
46329
46330
46469
46470
46471
46473
46474
46475
46476
46477
46479
46481
46482
46483
46485
46590
46596
46910
46942
46943
46944
47001
47013
47015
47016
47017
47020
47021
47023
47024
47029
47151
47160
47162
47163
47164
47165
47166
47167
47168
47204
47205
47206
47207
47209
47210
47212
47215
47216
47217
47218
47219
47220
47221
47222
47223
47224
47225
47226
47227
47228
47229
47230
47231
47296
47297
47298
47299
47300
47302
47303
47307
47308
47309
47310
47311
47312
47313
47316
47317
47318
47319
47321
47332
47336
47337
47340
47341
47343
47344
47345
47346
47349
47350
47358
47359
47362
47394
47395
47396
47397
47398
47399
47402
47404
47405
47406
47407
47408
47409
47410
47411
47412
47413
47414
47466
47467
47474
47488
47490
47491
47493
47494
47495
47496
47497
47499
47500
47501
47504
47505
47611
47628
47629
47632
47633
47641
47642
47643
47645
47680
47681
47683
47684
47687
47696
47697
47698
47700
47701
47705
47708
47710
47714
47715
47716
47835
47837
47845
47857
47858
47862
47870
47873
47878
47881
47882
47883
47885
47886
47887
47890
47891
47892
47893
47895
47899
47900
47906
47907
47909
47911
47912
47915
47917
47919
47921
47960
47962
47963
47964
47966
47967
48157
48158
48193
48194
48195
48197
48198
48199
48200
48201
48202
48203
48204
48206
48207
48208
48209
48210
48211
48262
48264
48265
48267
48268
48270
48284
48285
48286
48288
48289
48290
48291
48295
48296
48297
48310