  3.2149126e+000  1.0000000e+017
  3.1954255e+000  2.0000000e+017
  3.1892967e+000  3.0000000e+017
  3.1853573e+000  4.0000000e+017
  3.1823909e+000  5.0000000e+017
  3.1797041e+000  6.0000000e+017
  3.1772909e+000  7.0000000e+017
  3.1751960e+000  8.0000000e+017
  3.1734360e+000  9.0000000e+017
  3.1719330e+000  1.0000000e+018
  3.1705820e+000  1.1000000e+018
  3.1693210e+000  1.2000000e+018
  3.1681781e+000  1.3000000e+018
  3.1671420e+000  1.4000000e+018
  3.1661794e+000  1.5000000e+018
  3.1653120e+000  1.6000000e+018
  3.1645513e+000  1.7000000e+018
  3.1638356e+000  1.8000000e+018
  3.1631483e+000  1.9000000e+018
  3.1625201e+000  2.0000000e+018
  3.1619208e+000  2.1000000e+018
  3.1613503e+000  2.2000000e+018
  3.1608057e+000  2.3000000e+018
  3.1603030e+000  2.4000000e+018
  3.1598146e+000  2.5000000e+018
  3.1593496e+000  2.6000000e+018
  3.1588990e+000  2.7000000e+018
  3.1584797e+000  2.8000000e+018
  3.1580718e+000  2.9000000e+018
  3.1576792e+000  3.0000000e+018
  3.1572948e+000  3.1000000e+018
  3.1569255e+000  3.2000000e+018
  3.1565721e+000  3.3000000e+018
  3.1562304e+000  3.4000000e+018
  3.1558943e+000  3.5000000e+018
  3.1555664e+000  3.6000000e+018
  3.1552520e+000  3.7000000e+018
  3.1549519e+000  3.8000000e+018
  3.1546550e+000  3.9000000e+018
  3.1543644e+000  4.0000000e+018
  3.1540788e+000  4.1000000e+018
  3.1538071e+000  4.2000000e+018
  3.1535428e+000  4.3000000e+018
  3.1532823e+000  4.4000000e+018
  3.1530244e+000  4.5000000e+018
  3.1527736e+000  4.6000000e+018
  3.1525299e+000  4.7000000e+018
  3.1522913e+000  4.8000000e+018
  3.1520567e+000  4.9000000e+018
  3.1518208e+000  5.0000000e+018
  3.1515899e+000  5.1000000e+018
  3.1513625e+000  5.2000000e+018
  3.1511385e+000  5.3000000e+018
  3.1509143e+000  5.4000000e+018
  3.1506897e+000  5.5000000e+018
  3.1504668e+000  5.6000000e+018
  3.1502425e+000  5.7000000e+018
  3.1500208e+000  5.8000000e+018
  3.1497954e+000  5.9000000e+018
  3.1495705e+000  6.0000000e+018
  3.1493427e+000  6.1000000e+018
  3.1491128e+000  6.2000000e+018
  3.1488801e+000  6.3000000e+018
  3.1486454e+000  6.4000000e+018
  3.1484104e+000  6.5000000e+018
  3.1481706e+000  6.6000000e+018
  3.1479267e+000  6.7000000e+018
  3.1476788e+000  6.8000000e+018
  3.1474286e+000  6.9000000e+018
  3.1471780e+000  7.0000000e+018
  3.1469231e+000  7.1000000e+018
  3.1466647e+000  7.2000000e+018
  3.1463998e+000  7.3000000e+018
  3.1461323e+000  7.4000000e+018
  3.1458654e+000  7.5000000e+018
  3.1455984e+000  7.6000000e+018
  3.1453283e+000  7.7000000e+018
  3.1450488e+000  7.8000000e+018
  3.1447674e+000  7.9000000e+018
  3.1444907e+000  8.0000000e+018
  3.1442155e+000  8.1000000e+018
  3.1439378e+000  8.2000000e+018
  3.1436492e+000  8.3000000e+018
  3.1433610e+000  8.4000000e+018
  3.1430812e+000  8.5000000e+018
  3.1428028e+000  8.6000000e+018
  3.1425230e+000  8.7000000e+018
  3.1422325e+000  8.8000000e+018
  3.1419456e+000  8.9000000e+018
  3.1416670e+000  9.0000000e+018
  3.1413903e+000  9.1000000e+018
  3.1411132e+000  9.2000000e+018
  3.1408283e+000  9.3000000e+018
  3.1405467e+000  9.4000000e+018
  3.1402725e+000  9.5000000e+018
  3.1400006e+000  9.6000000e+018
  3.1397299e+000  9.7000000e+018
  3.1394549e+000  9.8000000e+018
  3.1391802e+000  9.9000000e+018
  3.1389117e+000  1.0000000e+019
  3.1386453e+000  1.0100000e+019
  3.1383810e+000  1.0200000e+019
  3.1381156e+000  1.0300000e+019
  3.1378491e+000  1.0400000e+019
  3.1375843e+000  1.0500000e+019
  3.1373218e+000  1.0600000e+019
  3.1370601e+000  1.0700000e+019
  3.1367999e+000  1.0800000e+019
  3.1365408e+000  1.0900000e+019
  3.1362782e+000  1.1000000e+019
  3.1360143e+000  1.1100000e+019
  3.1357509e+000  1.1200000e+019
  3.1354894e+000  1.1300000e+019
  3.1352304e+000  1.1400000e+019
  3.1349681e+000  1.1500000e+019
  3.1347003e+000  1.1600000e+019
  3.1344299e+000  1.1700000e+019
  3.1341618e+000  1.1800000e+019
  3.1338945e+000  1.1900000e+019
  3.1336281e+000  1.2000000e+019
  3.1333525e+000  1.2100000e+019
  3.1330727e+000  1.2200000e+019
  3.1327936e+000  1.2300000e+019
  3.1325153e+000  1.2400000e+019
  3.1322358e+000  1.2500000e+019
  3.1319503e+000  1.2600000e+019
  3.1316591e+000  1.2700000e+019
  3.1313677e+000  1.2800000e+019
  3.1310769e+000  1.2900000e+019
  3.1307834e+000  1.3000000e+019
  3.1304841e+000  1.3100000e+019
  3.1301800e+000  1.3200000e+019
  3.1298756e+000  1.3300000e+019
  3.1295731e+000  1.3400000e+019
  3.1292686e+000  1.3500000e+019
  3.1289563e+000  1.3600000e+019
  3.1286405e+000  1.3700000e+019
  3.1283218e+000  1.3800000e+019
  3.1280078e+000  1.3900000e+019
  3.1276928e+000  1.4000000e+019
  3.1273731e+000  1.4100000e+019
  3.1270474e+000  1.4200000e+019
  3.1267203e+000  1.4300000e+019
  3.1263926e+000  1.4400000e+019
  3.1260682e+000  1.4500000e+019
  3.1257421e+000  1.4600000e+019
  3.1254100e+000  1.4700000e+019
  3.1250766e+000  1.4800000e+019
  3.1247418e+000  1.4900000e+019
  3.1244065e+000  1.5000000e+019
  3.1240716e+000  1.5100000e+019
  3.1237352e+000  1.5200000e+019
  3.1233971e+000  1.5300000e+019
  3.1230582e+000  1.5400000e+019
  3.1227171e+000  1.5500000e+019
  3.1223739e+000  1.5600000e+019
  3.1220304e+000  1.5700000e+019
  3.1216899e+000  1.5800000e+019
  3.1213452e+000  1.5900000e+019
  3.1210007e+000  1.6000000e+019
  3.1206529e+000  1.6100000e+019
  3.1203047e+000  1.6200000e+019
  3.1199580e+000  1.6300000e+019
  3.1196108e+000  1.6400000e+019
  3.1192588e+000  1.6500000e+019
  3.1189079e+000  1.6600000e+019
  3.1185546e+000  1.6700000e+019
  3.1182048e+000  1.6800000e+019
  3.1178532e+000  1.6900000e+019
  3.1174976e+000  1.7000000e+019
  3.1171393e+000  1.7100000e+019
  3.1167809e+000  1.7200000e+019
  3.1164237e+000  1.7300000e+019
  3.1160689e+000  1.7400000e+019
  3.1157108e+000  1.7500000e+019
  3.1153485e+000  1.7600000e+019
  3.1149858e+000  1.7700000e+019
  3.1146206e+000  1.7800000e+019
  3.1142574e+000  1.7900000e+019
  3.1138967e+000  1.8000000e+019
  3.1135344e+000  1.8100000e+019
  3.1131685e+000  1.8200000e+019
  3.1128033e+000  1.8300000e+019
  3.1124349e+000  1.8400000e+019
  3.1120659e+000  1.8500000e+019
  3.1117016e+000  1.8600000e+019
  3.1113380e+000  1.8700000e+019
  3.1109718e+000  1.8800000e+019
  3.1106067e+000  1.8900000e+019
  3.1102410e+000  1.9000000e+019
  3.1098719e+000  1.9100000e+019
  3.1095067e+000  1.9200000e+019
  3.1091444e+000  1.9300000e+019
  3.1087810e+000  1.9400000e+019
  3.1084201e+000  1.9500000e+019
  3.1080611e+000  1.9600000e+019
  3.1076962e+000  1.9700000e+019
  3.1073362e+000  1.9800000e+019
  3.1069774e+000  1.9900000e+019
  3.1066192e+000  2.0000000e+019
  3.1062649e+000  2.0100000e+019
  3.1059132e+000  2.0200000e+019
  3.1055554e+000  2.0300000e+019
  3.1052011e+000  2.0400000e+019
  3.1048510e+000  2.0500000e+019
  3.1044987e+000  2.0600000e+019
  3.1041501e+000  2.0700000e+019
  3.1038037e+000  2.0800000e+019
  3.1034523e+000  2.0900000e+019
  3.1031019e+000  2.1000000e+019
  3.1027561e+000  2.1100000e+019
  3.1024115e+000  2.1200000e+019
  3.1020638e+000  2.1300000e+019
  3.1017174e+000  2.1400000e+019
  3.1013672e+000  2.1500000e+019
  3.1010167e+000  2.1600000e+019
  3.1006682e+000  2.1700000e+019
  3.1003227e+000  2.1800000e+019
  3.0999698e+000  2.1900000e+019
  3.0996155e+000  2.2000000e+019
  3.0992572e+000  2.2100000e+019
  3.0988984e+000  2.2200000e+019
  3.0985378e+000  2.2300000e+019
  3.0981784e+000  2.2400000e+019
  3.0978112e+000  2.2500000e+019
  3.0974396e+000  2.2600000e+019
  3.0970616e+000  2.2700000e+019
  3.0966823e+000  2.2800000e+019
  3.0962988e+000  2.2900000e+019
  3.0959143e+000  2.3000000e+019
  3.0955204e+000  2.3100000e+019
  3.0951229e+000  2.3200000e+019
  3.0947150e+000  2.3300000e+019
  3.0943029e+000  2.3400000e+019
  3.0938863e+000  2.3500000e+019
  3.0934647e+000  2.3600000e+019
  3.0930386e+000  2.3700000e+019
  3.0926046e+000  2.3800000e+019
  3.0921619e+000  2.3900000e+019
  3.0917081e+000  2.4000000e+019
  3.0912501e+000  2.4100000e+019
  3.0907870e+000  2.4200000e+019
  3.0903228e+000  2.4300000e+019
  3.0898505e+000  2.4400000e+019
  3.0893675e+000  2.4500000e+019
  3.0888696e+000  2.4600000e+019
  3.0883671e+000  2.4700000e+019
  3.0878632e+000  2.4800000e+019
  3.0873580e+000  2.4900000e+019
  3.0868495e+000  2.5000000e+019
  3.0863238e+000  2.5100000e+019
  3.0857872e+000  2.5200000e+019
  3.0852454e+000  2.5300000e+019
  3.0847037e+000  2.5400000e+019
  3.0841611e+000  2.5500000e+019
  3.0836163e+000  2.5600000e+019
  3.0830622e+000  2.5700000e+019
  3.0824949e+000  2.5800000e+019
  3.0819242e+000  2.5900000e+019
  3.0813554e+000  2.6000000e+019
  3.0807860e+000  2.6100000e+019
  3.0802161e+000  2.6200000e+019
  3.0796454e+000  2.6300000e+019
  3.0790640e+000  2.6400000e+019
  3.0784798e+000  2.6500000e+019
  3.0778979e+000  2.6600000e+019
  3.0773164e+000  2.6700000e+019
  3.0767376e+000  2.6800000e+019
  3.0761613e+000  2.6900000e+019
  3.0755844e+000  2.7000000e+019
  3.0750028e+000  2.7100000e+019
  3.0744232e+000  2.7200000e+019
  3.0738456e+000  2.7300000e+019
  3.0732719e+000  2.7400000e+019
  3.0727035e+000  2.7500000e+019
  3.0721383e+000  2.7600000e+019
  3.0715728e+000  2.7700000e+019
  3.0710081e+000  2.7800000e+019
  3.0704441e+000  2.7900000e+019
  3.0698831e+000  2.8000000e+019
  3.0693287e+000  2.8100000e+019
  3.0687780e+000  2.8200000e+019
  3.0682304e+000  2.8300000e+019
  3.0676837e+000  2.8400000e+019
  3.0671371e+000  2.8500000e+019
  3.0665906e+000  2.8600000e+019
  3.0660469e+000  2.8700000e+019
  3.0655093e+000  2.8800000e+019
  3.0649735e+000  2.8900000e+019
  3.0644389e+000  2.9000000e+019
  3.0639049e+000  2.9100000e+019
  3.0633705e+000  2.9200000e+019
  3.0628312e+000  2.9300000e+019
  3.0622968e+000  2.9400000e+019
  3.0617642e+000  2.9500000e+019
  3.0612310e+000  2.9600000e+019
  3.0606979e+000  2.9700000e+019
  3.0601646e+000  2.9800000e+019
  3.0596274e+000  2.9900000e+019
  3.0590808e+000  3.0000000e+019
  3.0585375e+000  3.0100000e+019
  3.0579943e+000  3.0200000e+019
  3.0574479e+000  3.0300000e+019
  3.0569003e+000  3.0400000e+019
  3.0563512e+000  3.0500000e+019
  3.0557886e+000  3.0600000e+019
  3.0552211e+000  3.0700000e+019
  3.0546527e+000  3.0800000e+019
  3.0540814e+000  3.0900000e+019
  3.0535069e+000  3.1000000e+019
  3.0529290e+000  3.1100000e+019
  3.0523450e+000  3.1200000e+019
  3.0517462e+000  3.1300000e+019
  3.0511429e+000  3.1400000e+019
  3.0505363e+000  3.1500000e+019
  3.0499241e+000  3.1600000e+019
  3.0493082e+000  3.1700000e+019
  3.0486883e+000  3.1800000e+019
  3.0480578e+000  3.1900000e+019
  3.0474189e+000  3.2000000e+019
  3.0467716e+000  3.2100000e+019
  3.0461167e+000  3.2200000e+019
  3.0454597e+000  3.2300000e+019
  3.0447999e+000  3.2400000e+019
  3.0441336e+000  3.2500000e+019
  3.0434623e+000  3.2600000e+019
  3.0427778e+000  3.2700000e+019
  3.0420850e+000  3.2800000e+019
  3.0413901e+000  3.2900000e+019
  3.0406933e+000  3.3000000e+019
  3.0399950e+000  3.3100000e+019
  3.0392942e+000  3.3200000e+019
  3.0385837e+000  3.3300000e+019
  3.0378644e+000  3.3400000e+019
  3.0371417e+000  3.3500000e+019
  3.0364194e+000  3.3600000e+019
  3.0356976e+000  3.3700000e+019
  3.0349751e+000  3.3800000e+019
  3.0342494e+000  3.3900000e+019
  3.0335166e+000  3.4000000e+019
  3.0327787e+000  3.4100000e+019
  3.0320410e+000  3.4200000e+019
  3.0313079e+000  3.4300000e+019
  3.0305711e+000  3.4400000e+019
  3.0298365e+000  3.4500000e+019
  3.0290978e+000  3.4600000e+019
  3.0283536e+000  3.4700000e+019
  3.0276084e+000  3.4800000e+019
  3.0268638e+000  3.4900000e+019
  3.0261225e+000  3.5000000e+019
  3.0253764e+000  3.5100000e+019
  3.0246307e+000  3.5200000e+019
  3.0238843e+000  3.5300000e+019
  3.0231324e+000  3.5400000e+019
  3.0223796e+000  3.5500000e+019
  3.0216231e+000  3.5600000e+019
  3.0208659e+000  3.5700000e+019
  3.0201037e+000  3.5800000e+019
  3.0193423e+000  3.5900000e+019
  3.0185779e+000  3.6000000e+019
  3.0178079e+000  3.6100000e+019
  3.0170301e+000  3.6200000e+019
  3.0162505e+000  3.6300000e+019
  3.0154678e+000  3.6400000e+019
  3.0146812e+000  3.6500000e+019
  3.0138963e+000  3.6600000e+019
  3.0131000e+000  3.6700000e+019
  3.0122963e+000  3.6800000e+019
  3.0114764e+000  3.6900000e+019
  3.0106415e+000  3.7000000e+019
  3.0098026e+000  3.7100000e+019
  3.0089648e+000  3.7200000e+019
  3.0081185e+000  3.7300000e+019
  3.0072614e+000  3.7400000e+019
  3.0063872e+000  3.7500000e+019
  3.0055030e+000  3.7600000e+019
  3.0045959e+000  3.7700000e+019
  3.0036680e+000  3.7800000e+019
  3.0027342e+000  3.7900000e+019
  3.0017960e+000  3.8000000e+019
  3.0008387e+000  3.8100000e+019
  2.9998594e+000  3.8200000e+019
  2.9988592e+000  3.8300000e+019
  2.9978372e+000  3.8400000e+019
  2.9968035e+000  3.8500000e+019
  2.9957356e+000  3.8600000e+019
  2.9946289e+000  3.8700000e+019
  2.9935007e+000  3.8800000e+019
  2.9923499e+000  3.8900000e+019
  2.9911786e+000  3.9000000e+019
  2.9899847e+000  3.9100000e+019
  2.9887647e+000  3.9200000e+019
  2.9875119e+000  3.9300000e+019
  2.9862380e+000  3.9400000e+019
  2.9849368e+000  3.9500000e+019
  2.9836145e+000  3.9600000e+019
  2.9822566e+000  3.9700000e+019
  2.9808539e+000  3.9800000e+019
  2.9794152e+000  3.9900000e+019
  2.9779418e+000  4.0000000e+019
  2.9764566e+000  4.0100000e+019
  2.9749284e+000  4.0200000e+019
  2.9733364e+000  4.0300000e+019
  2.9716985e+000  4.0400000e+019
  2.9700210e+000  4.0500000e+019
  2.9683246e+000  4.0600000e+019
  2.9665972e+000  4.0700000e+019
  2.9648005e+000  4.0800000e+019
  2.9629533e+000  4.0900000e+019
  2.9610658e+000  4.1000000e+019
  2.9591520e+000  4.1100000e+019
  2.9571944e+000  4.1200000e+019
  2.9551748e+000  4.1300000e+019
  2.9531058e+000  4.1400000e+019
  2.9509934e+000  4.1500000e+019
  2.9488316e+000  4.1600000e+019
  2.9466173e+000  4.1700000e+019
  2.9443466e+000  4.1800000e+019
  2.9420394e+000  4.1900000e+019
  2.9396896e+000  4.2000000e+019
  2.9372807e+000  4.2100000e+019
  2.9348456e+000  4.2200000e+019
  2.9323657e+000  4.2300000e+019
  2.9298589e+000  4.2400000e+019
  2.9272893e+000  4.2500000e+019
  2.9247070e+000  4.2600000e+019
  2.9220881e+000  4.2700000e+019
  2.9194382e+000  4.2800000e+019
  2.9167583e+000  4.2900000e+019
  2.9140526e+000  4.3000000e+019
