  3.2245003e+000  1.0000000e+017
  3.2024489e+000  2.0000000e+017
  3.1961788e+000  3.0000000e+017
  3.1913267e+000  4.0000000e+017
  3.1871995e+000  5.0000000e+017
  3.1837482e+000  6.0000000e+017
  3.1807476e+000  7.0000000e+017
  3.1783201e+000  8.0000000e+017
  3.1761243e+000  9.0000000e+017
  3.1742237e+000  1.0000000e+018
  3.1725408e+000  1.1000000e+018
  3.1710307e+000  1.2000000e+018
  3.1697251e+000  1.3000000e+018
  3.1685489e+000  1.4000000e+018
  3.1674842e+000  1.5000000e+018
  3.1665030e+000  1.6000000e+018
  3.1656391e+000  1.7000000e+018
  3.1648670e+000  1.8000000e+018
  3.1641436e+000  1.9000000e+018
  3.1634743e+000  2.0000000e+018
  3.1628847e+000  2.1000000e+018
  3.1623290e+000  2.2000000e+018
  3.1617948e+000  2.3000000e+018
  3.1613024e+000  2.4000000e+018
  3.1608712e+000  2.5000000e+018
  3.1604555e+000  2.6000000e+018
  3.1600520e+000  2.7000000e+018
  3.1596705e+000  2.8000000e+018
  3.1593135e+000  2.9000000e+018
  3.1589642e+000  3.0000000e+018
  3.1586218e+000  3.1000000e+018
  3.1582900e+000  3.2000000e+018
  3.1579677e+000  3.3000000e+018
  3.1576486e+000  3.4000000e+018
  3.1573331e+000  3.5000000e+018
  3.1570224e+000  3.6000000e+018
  3.1567044e+000  3.7000000e+018
  3.1563822e+000  3.8000000e+018
  3.1560609e+000  3.9000000e+018
  3.1557398e+000  4.0000000e+018
  3.1554100e+000  4.1000000e+018
  3.1550671e+000  4.2000000e+018
  3.1547258e+000  4.3000000e+018
  3.1543822e+000  4.4000000e+018
  3.1540302e+000  4.5000000e+018
  3.1536602e+000  4.6000000e+018
  3.1532901e+000  4.7000000e+018
  3.1529174e+000  4.8000000e+018
  3.1525402e+000  4.9000000e+018
  3.1521507e+000  5.0000000e+018
  3.1517557e+000  5.1000000e+018
  3.1513587e+000  5.2000000e+018
  3.1509603e+000  5.3000000e+018
  3.1505616e+000  5.4000000e+018
  3.1501533e+000  5.5000000e+018
  3.1497404e+000  5.6000000e+018
  3.1493300e+000  5.7000000e+018
  3.1489254e+000  5.8000000e+018
  3.1485149e+000  5.9000000e+018
  3.1481014e+000  6.0000000e+018
  3.1476817e+000  6.1000000e+018
  3.1472767e+000  6.2000000e+018
  3.1468711e+000  6.3000000e+018
  3.1464617e+000  6.4000000e+018
  3.1460459e+000  6.5000000e+018
  3.1456363e+000  6.6000000e+018
  3.1452374e+000  6.7000000e+018
  3.1448322e+000  6.8000000e+018
  3.1444293e+000  6.9000000e+018
  3.1440191e+000  7.0000000e+018
  3.1436246e+000  7.1000000e+018
  3.1432297e+000  7.2000000e+018
  3.1428385e+000  7.3000000e+018
  3.1424430e+000  7.4000000e+018
  3.1420506e+000  7.5000000e+018
  3.1416723e+000  7.6000000e+018
  3.1412960e+000  7.7000000e+018
  3.1409202e+000  7.8000000e+018
  3.1405439e+000  7.9000000e+018
  3.1401799e+000  8.0000000e+018
  3.1398265e+000  8.1000000e+018
  3.1394719e+000  8.2000000e+018
  3.1391178e+000  8.3000000e+018
  3.1387728e+000  8.4000000e+018
  3.1384380e+000  8.5000000e+018
  3.1381113e+000  8.6000000e+018
  3.1377826e+000  8.7000000e+018
  3.1374543e+000  8.8000000e+018
  3.1371401e+000  8.9000000e+018
  3.1368296e+000  9.0000000e+018
  3.1365287e+000  9.1000000e+018
  3.1362259e+000  9.2000000e+018
  3.1359225e+000  9.3000000e+018
  3.1356283e+000  9.4000000e+018
  3.1353382e+000  9.5000000e+018
  3.1350570e+000  9.6000000e+018
  3.1347750e+000  9.7000000e+018
  3.1344923e+000  9.8000000e+018
  3.1342085e+000  9.9000000e+018
  3.1339330e+000  1.0000000e+019
  3.1336633e+000  1.0100000e+019
  3.1333948e+000  1.0200000e+019
  3.1331257e+000  1.0300000e+019
  3.1328521e+000  1.0400000e+019
  3.1325805e+000  1.0500000e+019
  3.1323158e+000  1.0600000e+019
  3.1320531e+000  1.0700000e+019
  3.1317907e+000  1.0800000e+019
  3.1315238e+000  1.0900000e+019
  3.1312544e+000  1.1000000e+019
  3.1309880e+000  1.1100000e+019
  3.1307251e+000  1.1200000e+019
  3.1304625e+000  1.1300000e+019
  3.1301962e+000  1.1400000e+019
  3.1299269e+000  1.1500000e+019
  3.1296585e+000  1.1600000e+019
  3.1293917e+000  1.1700000e+019
  3.1291230e+000  1.1800000e+019
  3.1288517e+000  1.1900000e+019
  3.1285790e+000  1.2000000e+019
  3.1283054e+000  1.2100000e+019
  3.1280300e+000  1.2200000e+019
  3.1277570e+000  1.2300000e+019
  3.1274758e+000  1.2400000e+019
  3.1271943e+000  1.2500000e+019
  3.1269115e+000  1.2600000e+019
  3.1266252e+000  1.2700000e+019
  3.1263364e+000  1.2800000e+019
  3.1260506e+000  1.2900000e+019
  3.1257535e+000  1.3000000e+019
  3.1254552e+000  1.3100000e+019
  3.1251540e+000  1.3200000e+019
  3.1248481e+000  1.3300000e+019
  3.1245418e+000  1.3400000e+019
  3.1242300e+000  1.3500000e+019
  3.1239089e+000  1.3600000e+019
  3.1235864e+000  1.3700000e+019
  3.1232582e+000  1.3800000e+019
  3.1229276e+000  1.3900000e+019
  3.1225909e+000  1.4000000e+019
  3.1222428e+000  1.4100000e+019
  3.1218918e+000  1.4200000e+019
  3.1215370e+000  1.4300000e+019
  3.1211773e+000  1.4400000e+019
  3.1208120e+000  1.4500000e+019
  3.1204348e+000  1.4600000e+019
  3.1200530e+000  1.4700000e+019
  3.1196691e+000  1.4800000e+019
  3.1192802e+000  1.4900000e+019
  3.1188839e+000  1.5000000e+019
  3.1184772e+000  1.5100000e+019
  3.1180689e+000  1.5200000e+019
  3.1176591e+000  1.5300000e+019
  3.1172429e+000  1.5400000e+019
  3.1168204e+000  1.5500000e+019
  3.1163903e+000  1.5600000e+019
  3.1159603e+000  1.5700000e+019
  3.1155307e+000  1.5800000e+019
  3.1150972e+000  1.5900000e+019
  3.1146575e+000  1.6000000e+019
  3.1142149e+000  1.6100000e+019
  3.1137706e+000  1.6200000e+019
  3.1133281e+000  1.6300000e+019
  3.1128854e+000  1.6400000e+019
  3.1124434e+000  1.6500000e+019
  3.1119998e+000  1.6600000e+019
  3.1115510e+000  1.6700000e+019
  3.1111047e+000  1.6800000e+019
  3.1106624e+000  1.6900000e+019
  3.1102243e+000  1.7000000e+019
  3.1097887e+000  1.7100000e+019
  3.1093514e+000  1.7200000e+019
  3.1089071e+000  1.7300000e+019
  3.1084730e+000  1.7400000e+019
  3.1080445e+000  1.7500000e+019
  3.1076194e+000  1.7600000e+019
  3.1072001e+000  1.7700000e+019
  3.1067751e+000  1.7800000e+019
  3.1063509e+000  1.7900000e+019
  3.1059342e+000  1.8000000e+019
  3.1055251e+000  1.8100000e+019
  3.1051200e+000  1.8200000e+019
  3.1047175e+000  1.8300000e+019
  3.1043192e+000  1.8400000e+019
  3.1039188e+000  1.8500000e+019
  3.1035226e+000  1.8600000e+019
  3.1031330e+000  1.8700000e+019
  3.1027524e+000  1.8800000e+019
  3.1023769e+000  1.8900000e+019
  3.1020044e+000  1.9000000e+019
  3.1016316e+000  1.9100000e+019
  3.1012598e+000  1.9200000e+019
  3.1008911e+000  1.9300000e+019
  3.1005365e+000  1.9400000e+019
  3.1001872e+000  1.9500000e+019
  3.0998403e+000  1.9600000e+019
  3.0994938e+000  1.9700000e+019
  3.0991465e+000  1.9800000e+019
  3.0988029e+000  1.9900000e+019
  3.0984678e+000  2.0000000e+019
  3.0981385e+000  2.0100000e+019
  3.0978120e+000  2.0200000e+019
  3.0974857e+000  2.0300000e+019
  3.0971582e+000  2.0400000e+019
  3.0968368e+000  2.0500000e+019
  3.0965130e+000  2.0600000e+019
  3.0961946e+000  2.0700000e+019
  3.0958782e+000  2.0800000e+019
  3.0955622e+000  2.0900000e+019
  3.0952454e+000  2.1000000e+019
  3.0949339e+000  2.1100000e+019
  3.0946142e+000  2.1200000e+019
  3.0942951e+000  2.1300000e+019
  3.0939768e+000  2.1400000e+019
  3.0936592e+000  2.1500000e+019
  3.0933401e+000  2.1600000e+019
  3.0930219e+000  2.1700000e+019
  3.0926970e+000  2.1800000e+019
  3.0923669e+000  2.1900000e+019
  3.0920344e+000  2.2000000e+019
  3.0917018e+000  2.2100000e+019
  3.0913661e+000  2.2200000e+019
  3.0910275e+000  2.2300000e+019
  3.0906821e+000  2.2400000e+019
  3.0903297e+000  2.2500000e+019
  3.0899728e+000  2.2600000e+019
  3.0896126e+000  2.2700000e+019
  3.0892481e+000  2.2800000e+019
  3.0888773e+000  2.2900000e+019
  3.0884981e+000  2.3000000e+019
  3.0881123e+000  2.3100000e+019
  3.0877213e+000  2.3200000e+019
  3.0873238e+000  2.3300000e+019
  3.0869225e+000  2.3400000e+019
  3.0865083e+000  2.3500000e+019
  3.0860907e+000  2.3600000e+019
  3.0856624e+000  2.3700000e+019
  3.0852313e+000  2.3800000e+019
  3.0847933e+000  2.3900000e+019
  3.0843483e+000  2.4000000e+019
  3.0838927e+000  2.4100000e+019
  3.0834335e+000  2.4200000e+019
  3.0829661e+000  2.4300000e+019
  3.0824943e+000  2.4400000e+019
  3.0820171e+000  2.4500000e+019
  3.0815316e+000  2.4600000e+019
  3.0810419e+000  2.4700000e+019
  3.0805478e+000  2.4800000e+019
  3.0800497e+000  2.4900000e+019
  3.0795445e+000  2.5000000e+019
  3.0790364e+000  2.5100000e+019
  3.0785235e+000  2.5200000e+019
  3.0780107e+000  2.5300000e+019
  3.0774961e+000  2.5400000e+019
  3.0769793e+000  2.5500000e+019
  3.0764565e+000  2.5600000e+019
  3.0759331e+000  2.5700000e+019
  3.0754094e+000  2.5800000e+019
  3.0748877e+000  2.5900000e+019
  3.0743669e+000  2.6000000e+019
  3.0738468e+000  2.6100000e+019
  3.0733229e+000  2.6200000e+019
  3.0728001e+000  2.6300000e+019
  3.0722819e+000  2.6400000e+019
  3.0717640e+000  2.6500000e+019
  3.0712485e+000  2.6600000e+019
  3.0707368e+000  2.6700000e+019
  3.0702259e+000  2.6800000e+019
  3.0697137e+000  2.6900000e+019
  3.0692098e+000  2.7000000e+019
  3.0687047e+000  2.7100000e+019
  3.0682008e+000  2.7200000e+019
  3.0677029e+000  2.7300000e+019
  3.0672083e+000  2.7400000e+019
  3.0667126e+000  2.7500000e+019
  3.0662200e+000  2.7600000e+019
  3.0657311e+000  2.7700000e+019
  3.0652380e+000  2.7800000e+019
  3.0647497e+000  2.7900000e+019
  3.0642670e+000  2.8000000e+019
  3.0637843e+000  2.8100000e+019
  3.0632984e+000  2.8200000e+019
  3.0628155e+000  2.8300000e+019
  3.0623297e+000  2.8400000e+019
  3.0618422e+000  2.8500000e+019
  3.0613609e+000  2.8600000e+019
  3.0608796e+000  2.8700000e+019
  3.0603944e+000  2.8800000e+019
  3.0599069e+000  2.8900000e+019
  3.0594184e+000  2.9000000e+019
  3.0589240e+000  2.9100000e+019
  3.0584302e+000  2.9200000e+019
  3.0579366e+000  2.9300000e+019
  3.0574402e+000  2.9400000e+019
  3.0569394e+000  2.9500000e+019
  3.0564352e+000  2.9600000e+019
  3.0559272e+000  2.9700000e+019
  3.0554114e+000  2.9800000e+019
  3.0548925e+000  2.9900000e+019
  3.0543724e+000  3.0000000e+019
  3.0538510e+000  3.0100000e+019
  3.0533212e+000  3.0200000e+019
  3.0527897e+000  3.0300000e+019
  3.0522465e+000  3.0400000e+019
  3.0516961e+000  3.0500000e+019
  3.0511432e+000  3.0600000e+019
  3.0505904e+000  3.0700000e+019
  3.0500301e+000  3.0800000e+019
  3.0494637e+000  3.0900000e+019
  3.0488879e+000  3.1000000e+019
  3.0483048e+000  3.1100000e+019
  3.0477142e+000  3.1200000e+019
  3.0471230e+000  3.1300000e+019
  3.0465284e+000  3.1400000e+019
  3.0459190e+000  3.1500000e+019
  3.0453050e+000  3.1600000e+019
  3.0446876e+000  3.1700000e+019
  3.0440619e+000  3.1800000e+019
  3.0434324e+000  3.1900000e+019
  3.0428016e+000  3.2000000e+019
  3.0421530e+000  3.2100000e+019
  3.0415017e+000  3.2200000e+019
  3.0408491e+000  3.2300000e+019
  3.0401908e+000  3.2400000e+019
  3.0395274e+000  3.2500000e+019
  3.0388632e+000  3.2600000e+019
  3.0381873e+000  3.2700000e+019
  3.0375069e+000  3.2800000e+019
  3.0368246e+000  3.2900000e+019
  3.0361358e+000  3.3000000e+019
  3.0354467e+000  3.3100000e+019
  3.0347584e+000  3.3200000e+019
  3.0340651e+000  3.3300000e+019
  3.0333657e+000  3.3400000e+019
  3.0326632e+000  3.3500000e+019
  3.0319553e+000  3.3600000e+019
  3.0312460e+000  3.3700000e+019
  3.0305395e+000  3.3800000e+019
  3.0298307e+000  3.3900000e+019
  3.0291180e+000  3.4000000e+019
  3.0284002e+000  3.4100000e+019
  3.0276770e+000  3.4200000e+019
  3.0269569e+000  3.4300000e+019
  3.0262315e+000  3.4400000e+019
  3.0255044e+000  3.4500000e+019
  3.0247732e+000  3.4600000e+019
  3.0240415e+000  3.4700000e+019
  3.0232975e+000  3.4800000e+019
  3.0225575e+000  3.4900000e+019
  3.0218154e+000  3.5000000e+019
  3.0210673e+000  3.5100000e+019
  3.0203089e+000  3.5200000e+019
  3.0195499e+000  3.5300000e+019
  3.0187798e+000  3.5400000e+019
  3.0180042e+000  3.5500000e+019
  3.0172256e+000  3.5600000e+019
  3.0164463e+000  3.5700000e+019
  3.0156562e+000  3.5800000e+019
  3.0148545e+000  3.5900000e+019
  3.0140451e+000  3.6000000e+019
  3.0132205e+000  3.6100000e+019
  3.0123914e+000  3.6200000e+019
  3.0115616e+000  3.6300000e+019
  3.0107254e+000  3.6400000e+019
  3.0098807e+000  3.6500000e+019
  3.0090175e+000  3.6600000e+019
  3.0081386e+000  3.6700000e+019
  3.0072527e+000  3.6800000e+019
  3.0063576e+000  3.6900000e+019
  3.0054638e+000  3.7000000e+019
  3.0045642e+000  3.7100000e+019
  3.0036493e+000  3.7200000e+019
  3.0027267e+000  3.7300000e+019
  3.0018010e+000  3.7400000e+019
  3.0008537e+000  3.7500000e+019
  2.9998991e+000  3.7600000e+019
  2.9989322e+000  3.7700000e+019
  2.9979385e+000  3.7800000e+019
  2.9969264e+000  3.7900000e+019
  2.9959111e+000  3.8000000e+019
  2.9948711e+000  3.8100000e+019
  2.9938196e+000  3.8200000e+019
  2.9927617e+000  3.8300000e+019
  2.9916824e+000  3.8400000e+019
  2.9905888e+000  3.8500000e+019
  2.9894935e+000  3.8600000e+019
  2.9883752e+000  3.8700000e+019
  2.9872440e+000  3.8800000e+019
  2.9861041e+000  3.8900000e+019
  2.9849396e+000  3.9000000e+019
  2.9837763e+000  3.9100000e+019
  2.9826044e+000  3.9200000e+019
  2.9814186e+000  3.9300000e+019
  2.9802004e+000  3.9400000e+019
  2.9789515e+000  3.9500000e+019
  2.9776974e+000  3.9600000e+019
  2.9764384e+000  3.9700000e+019
  2.9751600e+000  3.9800000e+019
  2.9738554e+000  3.9900000e+019
  2.9725248e+000  4.0000000e+019
  2.9711770e+000  4.0100000e+019
  2.9698182e+000  4.0200000e+019
  2.9684270e+000  4.0300000e+019
  2.9670271e+000  4.0400000e+019
  2.9656004e+000  4.0500000e+019
  2.9641602e+000  4.0600000e+019
  2.9626809e+000  4.0700000e+019
  2.9611802e+000  4.0800000e+019
  2.9596682e+000  4.0900000e+019
  2.9581231e+000  4.1000000e+019
  2.9565643e+000  4.1100000e+019
  2.9549573e+000  4.1200000e+019
  2.9533024e+000  4.1300000e+019
  2.9516338e+000  4.1400000e+019
  2.9499334e+000  4.1500000e+019
  2.9482164e+000  4.1600000e+019
  2.9464309e+000  4.1700000e+019
  2.9445562e+000  4.1800000e+019
  2.9426635e+000  4.1900000e+019
  2.9407362e+000  4.2000000e+019
  2.9388015e+000  4.2100000e+019
  2.9367408e+000  4.2200000e+019
  2.9345613e+000  4.2300000e+019
  2.9323323e+000  4.2400000e+019
  2.9300712e+000  4.2500000e+019
  2.9277377e+000  4.2600000e+019
  2.9252275e+000  4.2700000e+019
  2.9226100e+000  4.2800000e+019
  2.9198881e+000  4.2900000e+019
  2.9170965e+000  4.3000000e+019
